Performance Statistics:------------------------------------------------------------------------
Training Accuracy	Testing Accuracy	Training Coverage	Testing Coverage
0.5186153413716749	NA	0.9961538461538462	NA

Population Characterization:------------------------------------------------------------------------
MacroPopSize	MicroPopSize	Generality
990	1000	0.6080249999999999

SpecificitySum:------------------------------------------------------------------------
A_0	A_1	A_2	A_3	A_4	A_5	A_6	A_7	A_8	A_9	A_10	A_11	A_12	A_13	A_14	A_15	A_16	A_17	A_18	A_19	A_20	A_21	A_22	A_23	A_24	A_25	A_26	A_27	A_28	A_29	A_30	A_31	A_32	A_33	A_34	A_35	A_36	A_37	A_38	A_39	A_40	A_41	A_42	A_43	A_44	A_45	A_46	A_47	A_48	A_49	A_50	A_51	A_52	A_53	A_54	A_55	A_56	A_57	A_58	A_59	A_60	A_61	A_62	A_63	A_64	A_65	A_66	A_67	A_68	A_69	A_70	A_71	A_72	A_73	A_74	A_75	A_76	A_77	A_78	A_79
442	386	471	409	397	379	401	425	406	418	424	393	341	344	381	459	334	413	342	406	425	423	399	416	442	370	386	374	392	391	381	375	453	402	342	404	356	351	365	341	407	388	385	366	328	370	462	356	367	384	422	362	412	352	381	445	349	337	425	393	405	448	331	367	405	346	332	379	379	429	444	409	392	353	351	402	466	369	459	442

AccuracySum:------------------------------------------------------------------------
A_0	A_1	A_2	A_3	A_4	A_5	A_6	A_7	A_8	A_9	A_10	A_11	A_12	A_13	A_14	A_15	A_16	A_17	A_18	A_19	A_20	A_21	A_22	A_23	A_24	A_25	A_26	A_27	A_28	A_29	A_30	A_31	A_32	A_33	A_34	A_35	A_36	A_37	A_38	A_39	A_40	A_41	A_42	A_43	A_44	A_45	A_46	A_47	A_48	A_49	A_50	A_51	A_52	A_53	A_54	A_55	A_56	A_57	A_58	A_59	A_60	A_61	A_62	A_63	A_64	A_65	A_66	A_67	A_68	A_69	A_70	A_71	A_72	A_73	A_74	A_75	A_76	A_77	A_78	A_79
280.62142408300707	258.8700070519831	315.3138254331413	288.67423368376825	262.0402638804953	251.8204031954647	258.124814926054	293.51299770247124	271.6402117712524	264.34199830933477	271.30017954187616	270.47509599414775	236.3523593106395	231.73612261959357	253.81343024277095	317.4048671663025	214.18980934601532	279.128703663444	244.34368220029666	266.0017741370412	278.61239620429524	296.3240190088434	268.3194298842674	281.20584088639066	294.28229491177905	239.9132970105803	252.57483818466932	231.6977593477169	253.7106412878715	253.09159781297976	255.0002503275674	238.91588847147958	285.41845841503437	266.4301237326465	221.75272924544004	261.0634563210746	244.5133604685293	238.02956195954116	244.76050198571897	231.22259975911135	258.96491656643883	259.86051139110197	254.1724917024022	235.47164359958722	216.20406518234321	243.55153029415314	315.0091300180493	229.78721757847143	236.70707018759722	256.2948192270885	278.36815808590524	238.2606179938661	268.8225344056843	222.73196692409627	242.9773300861037	283.41632556835435	231.1151876993327	224.10312336807914	268.90904209768553	264.23183447474855	266.8514312574677	321.02069893703515	220.3606864622691	253.40317387842197	283.0884056023259	212.71883595855903	207.98133744607853	251.64888881932282	249.62494221770982	286.548887468361	307.93820394078153	267.00908315703526	257.7122249148459	235.69829448806067	229.54141978024634	250.78888687658932	308.6828720532486	237.4182555652323	313.82020804523296	305.38652491988165

Run Time(in minutes):------------------------------------------------------------------------
Global Time	1.9759722034136453
Matching Time	0.7579355756441752
Deletion Time	0.2832073211669922
Subsumption Time	0.08508609930674235
Selection Time	0.004667071501413981
Evaluation Time	0.7319665551185608

CorrectTrackerSave:------------------------------------------------------------------------
1	0	0	1	1	0	0	0	0	1	0	1	0	1	0	1	1	1	0	0	0	0	1	0	1	0	1	1	0	0	0	0	0	0	1	1	1	0	1	1	1	1	0	0	0	0	0	0	0	1	1	0	0	1	1	1	1	1	1	0	1	0	0	0	0	0	1	0	1	1	0	0	1	0	0	0	1	0	0	0	1	0	1	0	1	1	0	1	1	0	0	1	1	1	1	1	1	1	1	0	1	1	1	1	1	0	1	0	0	1	1	0	0	1	1	1	0	1	0	1	1	0	0	1	0	0	0	0	1	0	1	0	1	0	1	1	1	1	0	1	0	1	1	1	0	1	1	1	1	1	1	0	0	0	1	1	1	0	1	0	0	1	1	0	1	0	1	0	0	1	0	1	1	1	1	1	0	0	0	1	0	0	0	1	0	1	1	1	1	1	0	0	1	0	1	1	1	1	1	1	1	0	0	1	1	0	0	1	0	1	1	1	1	0	1	1	1	0	1	0	1	1	0	0	1	1	1	1	1	1	0	0	0	1	0	1	0	1	1	1	1	0	1	1	0	0	1	1	1	0	1	1	1	1	1	1	1	1	1	0	1	1	1	0	0	1	0	0	1	0	0	0	0	0	0	1	1	1	1	1	1	0	0	1	1	1	1	0	1	1	0	1	1	1	0	1	0	0	0	0	1	0	1	1	1	1	1	0	0	0	1	1	0	1	1	1	1	0	1	1	0	1	1	1	0	0	0	1	0	1	0	1	0	1	1	0	0	1	1	0	1	1	0	0	1	0	0	0	0	0	1	1	1	0	1	1	0	0	1	0	0	1	0	1	1	1	1	1	0	0	1	1	1	1	0	1	0	0	1	1	1	1	1	1	0	0	0	1	1	1	1	1	1	0	0	0	1	1	0	0	1	1	1	1	0	0	1	1	1	0	1	0	0	1	1	0	0	1	1	0	1	0	0	0	1	0	1	1	0	1	1	1	0	0	1	1	1	0	1	0	0	1	1	0	1	0	1	0	0	0	1	1	1	1	0	0	0	0	0	1	1	0	1	1	1	1	1	0	1	0	0	0	0	1	0	1	1	1	0	1	1	1	1	0	1	1	0	1	1	0	1	1	1	1	1	1	0	0	0	0	0	0	1	0	0	0	1	1	0	1	0	1	0	1	1	0	1	1	1	1	1	1	1	0	1	1	0	0	0	0	0	1	1	1	1	0	0	1	0	0	0	1	0	0	0	0	1	1	1	0	0	0	1	0	0	0	1	1	0	1	0	0	0	1	0	1	0	0	0	1	1	0	1	1	1	1	0	0	1	1	1	1	1	1	1	0	1	1	1	0	1	0	1	1	0	0	1	0	1	1	0	1	1	0	1	0	1	1	0	0	0	0	1	1	0	1	1	0	1	0	1	1	0	0	1	1	0	0	1	0	0	0	0	1	0	0	1	0	1	1	0	0	1	0	0	1	1	1	1	1	1	1	1	1	1	0	1	1	0	1	0	0	0	0	1	1	1	0	0	1	1	0	1	1	1	0	0	0	1	1	0	1	0	1	0	1	0	0	1	1	1	1	1	1	1	0	1	1	0	0	1	1	1	0	0	1	1	0	0	1	1	0	1	0	0	1	0	0	0	0	1	1	1	1	0	0	1	1	1	1	0	0	1	0	0	1	1	1	0	0	0	0	0	1	1	1	1	0	0	1	1	1	1	0	1	1	1	0	1	1	0	0	0	0	0	1	1	0	1	0	0	1	0	0	0	1	1	1	0	0	0	1	0	1	1	0	0	1	1	1	0	0	1	0	0	0	0	1	1	0	1	1	0	1	1	0	1	1	0	1	0	0	0	0	0	1	1	0	0	1	0	1	1	1	0	1	0	0	0	1	0	1	1	1	0	0	0	0	1	1	0	0	0	0	0	1	1	0	0	0	0	0	0	1	1	1	0	0	1	1	0	1	1	1	1	0	1	1	1	0	1	1	1	0	1	1	1	0	1	1	0	1	1	1	0	0	1	0	1	1	0	0	1	1	0	1	0	1	0	1	0	1	1	0	1	0	1	0	1	1	0	0	1	0	0	0	1	0	1	0	1	0	0	0	1	1	0	0	1	0	0	1	1	0	0	0	1	1	1	1	1	1	0	1	1	0	1	1	1	0	1	1	1	1	0	0	0	1	0	1	0	0	0	0	1	1	1	0	1	1	1	0	1	1	1	0	0	0	0	1	1	0	1	1	0	0	1	1	1	1	1	1	1	1	0	1	1	1	0	1	1	0	0	0	1	0	1	0	0	0	1	0	0	0	0	0	0	0	1	0	0	1	0	1	0	1	0	1	1	1	1	1	1	0	0	1	1	0	1	1	1	0	0	1	1	0	1	0	1	1	1	0	1	1	0	1	0	1	1	0	0	0	0	0	1	0	0	1	0	1	1	1	0	0	0	1	0	0	0	0	1	1	1	0	0	0	1	1	0	0	1	1	1	0	0	1	1	0	0	1	0	1	1	0	1	0	0	0	0	1	0	1	0	1	0	1	1	1	0	1	0	0	1	1	0	1	1	1	1	1	0	0	1	0	0	1	0	0	0	1	1	1	0	1	1	1	0	1	1	1	0	0	1	1	0	1	0	0	0	1	1	1	1	1	1	0	0	1	0	1	0	0	0	0	0	1	0	0	1	1	1	0	1	0	0	1	1	1	1	0	1	1	1	1	0	1	0	0	1	0	0	1	0	0	1	0	1	0	0	1	0	0	1	0	0	1	0	0	1	0	1	0	1	1	1	0	0	1	1	0	1	1	0	1	0	1	0	1	1	1	0	0	1	1	1	0	0	1	0	1	0	0	1	0	1	0	0	0	0	1	0	1	0	1	0	1	1	1	1	1	1	0	0	1	1	1	1	1	1	0	0	1	1	1	0	1	1	1	0	0	1	0	1	0	0	1	0	0	1	0	1	0	1	1	1	1	1	0	0	1	1	0	0	1	1	1	0	0	1	1	0	0	0	0	0	0	0	0	1	0	1	1	1	1	1	1	0	1	1	0	0	0	0	0	1	0	1	1	0	1	1	1	1	1	0	1	1	1	1	0	1	1	1	1	0	0	0	1	0	0	0	0	0	1	1	0	1	0	1	0	1	0	1	1	1	1	0	1	1	0	1	1	0	0	1	1	0	0	0	0	0	1	1	0	1	1	0	1	0	1	1	1	0	0	0	1	0	0	1	1	1	0	1	1	0	1	1	0	0	0	0	1	1	1	0	1	1	1	0	1	1	1	0	0	1	0	0	1	1	1	0	1	0	0	0	0	0	0	1	1	1	0	0	0	0	0	1	0	1	0	0	0	0	1	0	0	0	0	1	1	1	1	1	0	1	1	1	0	0	0	0	0	0	0	0	1	1	1	1	0	1	1	1	0	0	1	1	1	1	0	1	1	1	0	1	0	1	1	1	1	1	1	1	0	1	1	1	0	1	1	1	1	1	1	1	1	0	0	1	0	0	1	0	1	1	0	0	1	1	0	0	1	0	0	1	0	1	1	0	0	0	0	0	1	0	1	0	1	0	1	1	0	1	0	0	0	1	1	0	0	1	0	0	1	0	0	1	1	0	1	1	1	0	1	0	0	1	0	0	1	0	0	1	0	0	1	0	1	1	1	1	1	0	0	1	0	1	0	1	1	1	0	0	0	1	0	0	1	1	1	1	1	1	0	1	1	0	1	1	1	1	0	1	1	1	1	1	0	0	1	1	1	0	0	1	0	0	0	1	0	0	1	1	1	0	0	0	1	1	0	1	1	1	0	1	0	0	0	0	0	1	1	1	1	0	0	1	0	0	0	0	0	0	1	1	0	1	1	1	1	0	1	1	0	1	0	0	0	0	1	0	0	0	0	1	1	1	0	0	1	0	0	1	0	0	0	1	1	0	0	0	0	0	1	0	1	0	0	1	1	0	1	1	0	1	1	1	1	0	0	1	0	0	0	0	1	0	0	1	1	0	1	0	1	0	0	0	1	0	1	0	0	0	1	1	1	1	1	1	0	0	0	1	1	1	1	0	0	1	1	0	0	1	1	0	1	0	0	1	0	0	1	0	0	1	1	1	1	1	1	0	0	0	0	1	1	0	0	0	0	0	0	1	1	1	0	1	0	0	0	1	1	1	1	0	0	0	1	1	0	0	0	1	1	1	1	1	1	1	1	1	1	0	1	0	1	1	0	1	1	0	1	1	0	1	1	0	0	1	1	1	0	0	1	0	1	0	0	0	0	0	1	1	0	0	0	0	0	0	1	1	0	0	0	0	1	1	1	1	1	1	0	0	1	0	1	1	0	0	0	1	1	0	1	1	1	0	1	1	0	0	1	1	1	0	0	0	0	0	0	0	0	0	0	0	0	0	1	1	0	1	1	1	0	1	1	1	0	0	1	1	0	1	0	0	0	1	1	0	1	1	0	0	0	0	1	0	1	0	1	0	0	0	1	0	0	1	1	0	0	1	1	0	1	1	1	0	1	1	0	1	0	0	0	0	0	1	1	1	1	1	1	1	1	1	1	1	1	0	1	1	0	1	1	1	0	1	1	1	1	1	0	0	0	1	1	1	1	0	1	1	0	0	0	0	0	1	0	1	0	1	0	1	1	0	1	1	0	1	0	1	1	0	1	0	1	1	0	0	1	1	0	0	0	0	1	0	1	0	1	1	0	1	0	1	1	1	1	0	1	1	0	0	0	0	0	1	1	0	1	0	0	0	1	1	0	1	0	1	1	1	1	1	1	1	1	0	0	1	0	1	1	1	1	1	1	1	0	0	1	0	0	0	1	1	1	0	1	1	1	1	1	0	0	0	0	1	1	0	0	1	0	1	1	1	1	0	0	0	1	1	0	1	1	1	0	1	0	1	1	1	1	0	1	0	1	0	1	0	0	1	0	1	1	1	1	1	0	1	1	1	0	1	0	0	1	1	0	1	0	1	0	0	0	0	1	1	0	0	0	1	0	0	1	1	0	1	1	1	1	1	0	0	1	0	1	1	1	0	0	1	1	1	0	0	1	0	1	1	0	0	0	1	0	1	0	0	1	0	0	1	1	0	0	1	1	1	0	0	0	1	1	0	1	1	0	0	0	1	0	1	0	0	0	1	0	1	1	1	1	1	1	1	1	0	1	0	1	0	0	1	0	1	1	1	1	1	0	1	0	1	0	1	0	0	1	1	1	1	0	1	1	0	0	1	0	0	1	0	0	1	1	0	1	1	1	0	1	1	0	0	1	0	0	1	1	0	1	1	1	1	1	0	0	1	0	1	1	1	0	1	0	1	0	0	1	0	0	0	1	0	1	1	1	0	1	0	0	1	0	0	1	0	0	1	0	1	0	0	1	0	1	1	1	1	1	0	0	0	0	1	0	0	0	1	0	0	0	0	1	1	1	1	1	1	0	1	1	1	1	1	1	0	1	0	0	0	1	1	0	1	0	1	0	1	0	0	0	1	0	1	0	0	1	0	1	1	0	0	0	0	1	0	0	0	1	1	0	0	0	0	1	0	0	1	1	0	1	1	1	0	0	1	0	1	1	1	0	1	0	0	0	0	1	0	0	0	1	1	0	1	1	0	0	0	0	1	1	0	0	0	1	1	1	0	1	0	1	0	0	0	0	1	1	1	0	0	0	1	0	1	1	1	1	0	0	0	1	0	1	0	1	0	0	1	1	1	1	0	1	1	0	1	1	0	1	0	1	1	0	1	0	1	1	1	0	1	1	1	0	0	1	1	0	0	1	1	1	0	0	0	0	1	1	1	1	0	0	1	1	1	0	1	0	0	1	0	0	1	1	0	1	1	1	1	1	1	0	1	0	1	0	1	0	1	1	1	0	0	1	0	1	0	1	0	0	1	0	1	0	0	0	0	1	1	0	1	1	0	0	0	1	1	0	1	0	1	0	1	1	0	1	0	1	0	1	1	1	1	0	0	0	1	1	0	1	1	0	0	0	0	0	0	1	1	1	1	1	0	0	1	0	0	1	0	1	0	0	0	1	0	1	1	0	0	1	0	0	1	1	0	1	0	0	0	0	0	0	1	0	1	0	1	0	1	1	0	1	0	1	0	1	1	1	0	1	0	1	1	1	0	1	1	1	1	1	0	1	1	1	1	0	1	0	1	0	1	1	1	0	1	0	0	1	1	1	1	1	0	1	1	0	0	1	0	1	1	0	1	0	0	1	1	0	0	1	1	0	1	1	0	1	1	1	1	1	1	0	1	0	1	1	0	0	0	1	1	0	0	1	1	1	1	0	1	1	1	0	1	0	1	1	0	0	0	1	0	1	0	0	1	1	1	1	0	0	0	0	1	0	1	0	0	0	1	1	1	1	0	1	1	1	1	0	0	0	0	1	0	0	0	0	1	1	0	0	1	1	0	1	1	1	1	1	1	1	0	1	1	1	0	1	0	1	0	1	1	0	1	1	1	0	1	0	1	0	1	0	1	1	1	1	0	1	1	1	1	1	0	1	0	0	0	0	1	1	0	1	1	1	0	0	0	1	0	0	0	1	1	0	0	1	1	0	0	1	1	0	0	0	1	0	0	1	1	1	1	1	0	0	1	0	1	0	0	0	1	1	0	0	0	0	1	1	0	1	1	1	1	0	0	0	1	0	0	1	1	1	0	0	0	1	0	1	1	1	1	1	0	1	0	1	0	0	0	1	1	1	1	1	0	1	0	0	0	1	0	1	0	1	1	0	1	1	1	0	0	0	1	1	1	0	1	1	1	0	1	0	1	0	1	0	0	1	1	0	1	1	1	0	1	1	1	1	0	1	0	1	0	0	0	1	0	1	1	0	1	0	0	1	0	1	0	0	1	0	0	1	0	0	1	0	0	0	0	1	0	1	0	0	1	0	1	1	0	1	1	0	1	1	1	0	0	1	1	0	0	1	1	1	0	0	1	0	1	1	0	0	1	1	1	1	1	1	1	1	1	0	0	1	0	1	1	1	1	0	1	1	1	1	1	0	0	1	1	0	0	0	1	0	0	1	1	1	1	0	0	1	1	1	0	1	1	0	0	0	1	0	0	1	0	0	1	0	0	1	0	1	0	1	1	1	1	1	1	0	0	1	0	0	1	1	1	0	0	1	0	1	1	0	1	0	1	0	0	1	0	0	1	0	0	1	1	0	1	0	0	0	1	1	1	1	1	0	0	0	0	1	0	0	1	0	0	1	1	1	1	1	0	1	1	0	1	0	0	1	1	1	0	0	0	1	1	0	0	0	0	1	1	1	1	0	0	0	0	0	1	0	1	0	0	1	1	1	1	1	1	1	1	0	1	0	0	1	1	1	1	1	0	0	1	0	0	1	1	1	1	1	0	0	0	1	1	1	1	1	1	1	0	0	0	0	0	1	0	1	0	1	0	1	1	0	1	1	0	0	0	1	1	0	1	1	1	1	1	0	0	0	0	0	1	1	0	1	0	0	0	0	1	1	0	0	1	1	1	1	0	1	1	1	0	1	1	0	1	1	1	1	1	1	0	1	1	1	0	1	1	1	1	0	1	0	1	1	0	1	0	1	0	0	1	0	0	0	0	0	1	0	1	0	1	1	1	1	0	0	1	0	1	1	1	1	1	1	1	1	1	1	1	1	1	0	1	0	1	1	1	0	1	0	1	1	1	1	0	1	1	0	0	1	0	1	1	0	0	0	1	0	1	0	0	0	1	1	1	0	1	0	1	1	1	1	0	1	1	1	1	1	1	1	1	0	1	1	1	1	1	0	1	0	1	1	1	1	1	1	0	1	1	0	1	0	0	1	1	1	1	1	0	1	0	0	1	0	0	1	0	1	0	0	0	1	0	0	0	1	1	0	1	1	1	1	0	1	0	1	1	1	1	1	1	1	0	0	1	1	1	0	1	0	1	1	1	1	1	1	0	0	0	1	1	1	0	0	1	1	1	0	0	1	0	1	0	1	1	0	1	0	1	0	0	1	0	1	1	1	0	1	0	1	1	0	1	0	0	0	0	0	1	0	0	1	1	1	0	0	0	0	1	0	0	1	0	1	0	0	0	0	1	1	0	0	1	1	1	0	0	1	0	1	0	0	1	0	0	1	0	1	0	0	0	1	1	1	1	0	0	0	0	0	1	0	0	1	1	0	1	1	0	0	1	1	0	0	1	0	0	1	0	1	1	1	1	0	0	1	1	0	0	1	1	1	1	1	1	0	0	1	1	0	1	0	0	0	1	0	1	0	0	1	0	1	1	0	1	0	1	0	0	1	0	0	1	0	0	0	0	1	0	0	0	0	1	0	1	0	0	1	1	1	1	0	1	1	1	0	1	1	1	0	1	0	1	1	1	1	1	1	0	1	1	1	1	0	1	1	0	1	0	0	0	1	1	1	0	1	1	1	1	1	1	1	0	0	0	1	0	0	0	0	1	1	0	0	1	1	0	1	1	1	0	1	1	0	0	0	1	0	0	1	0	1	0	0	1	0	1	0	1	0	1	0	1	1	0	1	1	1	1	1	0	0	0	0	0	1	0	0	1	0	1	1	0	0	1	0	0	0	1	1	0	1	0	1	1	0	1	0	1	0	0	1	0	0	0	1	0	0	1	1	1	1	1	0	1	0	0	0	0	1	1	1	1	0	0	0	1	0	0	1	0	1	0	1	1	0	0	1	1	1	1	1	1	1	1	0	0	1	1	0	1	0	0	0	1	1	0	1	1	0	0	1	0	1	1	1	1	0	0	0	0	0	0	1	1	0	1	1	1	0	1	0	1	0	1	1	0	0	0	1	1	0	0	1	1	1	1	0	1	1	0	0	1	0	0	1	0	1	0	1	0	0	1	1	1	1	0	1	0	1	1	0	1	1	0	0	1	1	0	1	0	0	0	0	1	0	0	1	1	1	1	0	0	1	0	0	1	1	1	1	0	0	1	0	1	0	0	1	1	0	1	0	0	1	0	1	1	1	0	0	0	1	1	0	0	1	1	0	0	0	1	0	1	1	1	0	1	1	0	1	0	1	0	1	1	0	1	1	1	1	1	0	1	1	1	0	1	0	1	1	0	1	0	1	1	1	1	0	0	0	1	0	1	0	0	1	1	1	1	1	0	1	0	1	0	1	1	0	1	0	0	1	0	1	1	0	1	1	0	0	1	1	1	1	1	1	0	0	1	1	0	0	1	0	1	1	1	1	0	1	0	1	0	1	1	1	0	1	1	1	0	1	1	0	1	1	1	0	1	1	1	0	0	1	1	0	1	1	1	0	1	1	0	0	0	0	1	0	1	1	1	1	0	1	1	0	1	1	0	0	1	1	1	0	0	1	1	1	0	1	0	0	1	1	1	1	1	0	1	1	1	0	0	0	1	0	1	0	0	0	1	0	0	1	0	1	1	0	0	0	1	0	1	1	0	0	1	1	1	0	1	0	1	0	1	1	1	1	1	0	1	1	1	1	1	0	1	1	1	1	0	0	0	1	1	0	1	0	0	1	0	0	0	1	0	1	0	0	1	0	0	0	1	0	0	0	0	0	1	0	1	1	1	0	1	1	1	1	0	1	0	1	0	0	1	1	1	1	0	1	0	0	0	1	1	1	1	0	1	1	0	1	1	0	0	0	1	1	0	1	0	0	1	1	1	0	1	1	1	0	1	1	0	1	1	0	0	0	0	0	0	0	0	1	1	0	1	0	1	1	1	1	0	1	1	1	0	1	1	0	1	1	0	1	1	0	0	1	1	0	0	0	0	1	1	0	0	0	0	0	1	1	1	0	1	1	0	1	0	0	1	1	1	1	1	1	1	0	1	0	0	1	0	1	0	0	0	0	0	0	1	1	1	0	1	0	0	0	1	1	0	1	0	0	0	1	0	0	1	0	0	1	0	1	0	0	1	0	1	0	1	0	0	0	0	1	0	0	1	0	1	1	1	0	1	0	0	1	1	0	1	0	0	0	0	1	0	1	0	0	0	1	1	1	1	0	1	0	0	1	0	1	0	0	1	1	0	0	0	1	1	0	1	1	0	1	1	1	1	1	1	0	0	1	0	1	0	0	0	1	0	1	0	0	1	1	0	0	0	0	0	0	1	1	1	0	1	1	0	0	1	0	0	0	0	0	1	0	0	0	0	1	1	0	1	0	0	0	0	1	1	0	1	0	0	1	0	0	0	0	0	1	1	0	1	0	1	1	0	1	1	0	0	0	0	1	0	0	1	0	0	0	0	0	0	1	1	0	0	1	0	0	1	0	1	0	1	0	1	0	0	0	1	0	0	0	1	0	0	1	0	1	0	1	0	1	1	1	1	0	0	1	0	1	0	0	1	1	0	1	0	0	0	1	1	1	0	1	1	1	1	0	0	0	1	1	1	1	0	1	0	1	1	0	0	1	1	1	1	1	1	0	0	1	0	1	0	1	0	1	1	1	1	1	1	1	0	0	1	0	0	1	1	1	1	0	1	1	1	1	1	1	0	0	0	1	1	1	0	1	0	1	0	1	1	1	1	1	0	0	1	0	1	1	1	0	1	1	0	1	1	1	0	0	1	1	0	1	0	0	0	1	1	0	0	1	1	1	1	1	1	1	0	1	1	0	1	0	1	1	