Performance Statistics:------------------------------------------------------------------------
Training Accuracy	Testing Accuracy	Training Coverage	Testing Coverage
0.5028238237788483	NA	0.9946581196581197	NA

Population Characterization:------------------------------------------------------------------------
MacroPopSize	MicroPopSize	Generality
995	1000	0.5858750000000008

SpecificitySum:------------------------------------------------------------------------
A_0	A_1	A_2	A_3	A_4	A_5	A_6	A_7	A_8	A_9	A_10	A_11	A_12	A_13	A_14	A_15	A_16	A_17	A_18	A_19	A_20	A_21	A_22	A_23	A_24	A_25	A_26	A_27	A_28	A_29	A_30	A_31	A_32	A_33	A_34	A_35	A_36	A_37	A_38	A_39	A_40	A_41	A_42	A_43	A_44	A_45	A_46	A_47	A_48	A_49	A_50	A_51	A_52	A_53	A_54	A_55	A_56	A_57	A_58	A_59	A_60	A_61	A_62	A_63	A_64	A_65	A_66	A_67	A_68	A_69	A_70	A_71	A_72	A_73	A_74	A_75	A_76	A_77	A_78	A_79
419	412	439	449	472	439	409	413	399	395	401	405	415	357	427	364	420	418	381	440	410	432	472	465	403	359	440	339	435	396	404	358	443	447	402	397	386	395	457	400	416	464	378	364	405	398	502	442	398	418	456	430	477	350	404	359	458	484	422	411	459	404	416	385	395	392	423	355	392	397	464	350	412	351	413	368	474	369	519	442

AccuracySum:------------------------------------------------------------------------
A_0	A_1	A_2	A_3	A_4	A_5	A_6	A_7	A_8	A_9	A_10	A_11	A_12	A_13	A_14	A_15	A_16	A_17	A_18	A_19	A_20	A_21	A_22	A_23	A_24	A_25	A_26	A_27	A_28	A_29	A_30	A_31	A_32	A_33	A_34	A_35	A_36	A_37	A_38	A_39	A_40	A_41	A_42	A_43	A_44	A_45	A_46	A_47	A_48	A_49	A_50	A_51	A_52	A_53	A_54	A_55	A_56	A_57	A_58	A_59	A_60	A_61	A_62	A_63	A_64	A_65	A_66	A_67	A_68	A_69	A_70	A_71	A_72	A_73	A_74	A_75	A_76	A_77	A_78	A_79
278.953306447797	273.20170573076706	273.3692190630214	291.8036013375702	302.35160686001814	287.43574876582954	264.60587566864734	279.2308447541295	249.27932362806322	243.74422473816236	250.1945833018523	260.13678701784306	288.6045917454474	226.36971830182068	280.73899028212037	230.6608174283041	269.32281482823134	273.3599553341356	243.27382041788027	290.16952355492157	271.9447227318701	283.97892600696736	305.17019060115854	299.3101792874819	256.28848036053466	228.79253342251943	275.90049137233285	202.34831508818118	273.275338416919	244.83550665492731	279.71776035304725	217.73742585980685	280.53271100233644	275.2370334628683	266.24917605656333	250.7454068922902	250.37781057112431	248.8044055676305	298.45087258446245	250.93815981027447	263.1296190191734	299.1773939924393	245.76657250812607	238.70135863294408	280.36560804541483	258.11763984037304	318.7679207892432	287.9740266989615	255.738630829825	276.93071885472517	289.47526110354903	278.0205579748233	308.2519509092382	214.5705621999511	258.47467789562205	234.50819617693114	316.0845229850837	314.6934734222054	268.69070664084126	264.7294574664457	301.2247666048866	263.6117120253953	286.2162869940502	244.78235213586171	255.59961996264076	233.51041950965828	276.7870974619037	226.86321120585998	232.93505811052512	243.4573739039592	308.1219111536088	233.13551990421834	269.49180244378687	233.4919551363181	257.87990005870154	235.79552877855656	313.4396903449577	238.97522208969096	339.0556549010741	286.41123468746804

Run Time(in minutes):------------------------------------------------------------------------
Global Time	0.9798043092091878
Matching Time	0.3875164031982422
Deletion Time	0.12813170353571574
Subsumption Time	0.038411478201548256
Selection Time	0.0021752039591471355
Evaluation Time	0.36038921276728314

CorrectTrackerSave:------------------------------------------------------------------------
0	0	1	0	1	1	0	0	0	1	0	1	0	0	0	1	1	1	0	0	0	0	1	0	0	1	1	1	0	0	0	1	1	0	1	0	1	1	1	1	0	1	0	0	1	0	0	0	0	1	1	1	0	0	1	1	1	1	1	1	1	0	0	1	0	0	1	0	0	0	0	0	1	0	0	0	1	1	0	0	1	1	1	0	0	1	1	0	1	0	0	1	1	1	1	0	1	1	0	1	1	0	1	1	1	0	1	1	0	1	1	0	0	1	1	0	1	0	0	1	1	0	0	1	1	1	0	1	1	0	0	1	1	0	0	1	1	1	0	1	0	1	1	1	0	1	1	0	0	1	1	1	0	1	1	1	1	0	1	0	0	1	0	0	0	0	0	0	0	1	0	1	0	1	1	1	1	0	0	0	1	0	0	1	1	1	1	1	1	1	0	0	0	1	1	1	1	1	0	0	1	0	0	1	0	1	0	1	0	1	0	0	1	0	1	1	1	0	1	1	1	1	1	0	1	1	1	1	1	1	0	0	0	1	0	1	0	1	1	1	1	0	1	1	0	0	1	1	1	0	0	0	1	0	1	1	1	1	0	0	0	0	1	0	1	1	0	0	0	0	0	1	1	1	0	1	1	1	1	1	1	0	0	1	1	0	1	0	1	1	0	1	1	1	1	1	0	0	0	0	1	0	0	1	1	1	1	0	1	0	1	1	0	1	0	1	1	1	0	1	0	1	1	1	1	0	1	1	0	0	0	1	1	1	1	1	0	1	0	0	1	0	1	0	1	0	0	0	1	1	1	1	0	0	1	1	1	0	1	0	0	0	1	0	0	1	1	1	1	1	0	0	1	0	0	1	0	0	1	0	0	0	0	1	0	0	0	1	1	1	1	1	0	0	0	0	0	1	0	1	0	0	0	1	1	0	1	1	1	1	1	0	0	0	0	0	0	0	0	0	0	1	0	0	1	0	0	1	0	0	0	0	0	0	1	1	1	0	0	0	0	1	1	0	1	0	1	0	0	1	0	1	1	0	0	0	0	0	0	1	0	0	0	0	0	0	1	1	0	1	1	0	0	1	1	0	1	0	0	1	0	1	1	1	0	0	1	0	0	0	1	0	1	0	0	1	0	0	0	0	0	0	0	1	0	0	1	0	0	0	0	0	0	0	1	0	1	0	1	0	1	0	1	0	1	1	0	0	0	0	0	1	0	1	0	1	0	1	0	0	0	1	1	0	0	0	0	1	0	1	0	0	1	0	0	0	0	1	0	1	0	1	0	0	1	1	0	1	0	1	1	0	1	0	0	1	0	1	1	0	0	1	0	0	1	0	1	1	1	1	1	0	1	0	0	0	1	0	1	1	0	0	1	0	1	0	1	1	0	0	0	1	1	0	1	1	0	0	1	0	0	0	0	0	1	1	0	1	0	0	0	1	1	0	0	0	0	0	1	1	0	1	1	0	0	0	1	1	0	1	0	1	0	1	0	1	0	0	0	1	1	0	0	0	0	0	0	1	1	1	1	0	1	1	1	1	1	0	1	1	0	0	0	1	0	1	0	0	1	0	1	1	0	1	0	0	1	1	0	1	1	1	0	0	0	1	1	0	0	0	1	0	0	1	1	1	0	1	1	0	1	0	0	0	0	1	1	0	1	1	0	0	0	0	1	1	1	1	0	0	0	1	1	1	0	1	1	0	0	1	1	0	1	0	0	1	0	0	1	1	0	0	0	0	0	1	0	1	0	1	0	0	0	0	1	1	0	0	0	0	0	1	0	1	1	0	1	1	1	1	0	0	0	0	0	0	0	0	1	0	1	0	0	0	1	0	0	0	1	1	1	1	0	0	1	0	0	0	1	1	0	0	0	0	0	0	0	1	1	0	0	0	0	0	1	0	0	0	1	0	0	0	0	0	0	0	1	0	1	0	0	0	0	0	0	0	1	0	1	1	0	0	1	1	0	0	0	1	1	1	1	1	0	1	1	0	1	1	0	1	0	1	1	1	0	0	1	1	1	1	0	1	1	0	0	1	1	1	0	0	0	0	1	0	1	0	1	0	1	0	0	0	0	0	0	1	1	0	0	0	1	0	0	1	1	0	0	0	1	0	0	0	0	0	0	1	1	1	1	1	1	1	0	0	1	1	1	0	0	1	1	1	1	1	0	1	0	1	0	0	0	0	0	0	1	1	0	0	1	1	1	1	1	1	1	0	0	0	0	1	0	0	0	1	0	1	0	0	0	1	1	1	0	1	0	1	1	0	0	0	1	0	1	0	0	0	1	0	0	0	0	1	1	0	0	1	0	0	1	0	0	1	0	1	1	0	0	0	0	1	0	0	1	1	0	1	0	1	1	1	0	0	0	0	0	0	1	0	0	1	1	0	1	0	0	1	1	1	1	0	0	0	0	0	1	0	0	0	0	1	1	1	0	0	0	1	0	1	0	0.0	0	1	1	0	0	0	1	0	1	0	1	1	0	0	0	1	1	1	0	0	0	1	1	0	0	0	0	0	0	1	0	1	0	0	0	0	1	0	1	0	1	0	1	1	0	1	1	1	1	0	1	0	1	0	0	1	0	0	0	0	0	1	0	1	0	1	0	1	0	1	1	0	1	0	0	1	0	0	1	0	1	1	0	0	1	0	1	1	0	1	1	1	0	1	0	1	0	0	0	0	1	0	1	0	0	0	1	1	0	0	0	1	0	1	0	1	0	0	0	0	0	1	0	0	1	0	1	1	1	0	0	0	0	0	0	0	0	0	1	0	1	0	1	1	1	0	1	0	1	0	0	0	0	0	0	1	1	0	1	1	0	0	1	1	1	0	0	0	0	0	0	0	1	0	1	0	0	0	0	1	1	1	0	1	0	0	1	1	0	0	0	0	0	1	1	1	1	0	1	0	1	1	1	1	0	1	1	1	1	0	1	1	1	0	0	0	1	0	1	1	0	0	1	0	1	1	1	1	0	1	1	0	0	1	0	1	1	0	0	1	0	0	0	0	1	0	0	0	1	1	0	1	1	1	1	1	0	0	0	0	0	0	0	0	1	0	1	1	1	1	1	1	0	1	0	0	1	1	1	0	1	0	1	1	0	1	0	1	0	0	0	1	0	1	1	0	1	1	1	1	1	0	1	1	1	1	1	1	0	0	1	1	1	1	1	1	0	0	0	0	0	1	1	0	1	0	0	1	1	0	0	1	0	0	0	0	0	0	0	1	0	0	1	0	0	1	1	1	0	1	0	0	1	1	0	1	1	1	0	1	1	1	0	0	0	0	0	0	1	1	0	0	1	1	0	1	0	1	1	0	1	0	0	0	0	1	0	1	1	0	1	0	0	1	0	0	0	0	0	0	1	1	1	0	1	1	1	0	0	0	0	0	0	0	1	1	1	1	0	0	1	1	1	1	0	0	1	1	0	0	0	1	1	0	0	0	1	1	1	1	1	1	1	0	1	1	1	1	1	1	1	1	1	1	0	1	0	0	1	0	0	0	1	1	0	0	0	1	1	0	0	1	1	0	1	0	1	1	0	1	0	0	0	1	0	1	1	0	0	0	1	0	1	0	0	1	1	1	1	0	1	0	0	1	0	0	1	1	1	1	1	1	0	1	1	1	0	0	0	0	0	0	0	0	0	1	0	1	1	0	1	1	0	0	1	0	1	0	1	1	1	0	0	0	1	0	0	1	0	1	0	1	0	0	0	1	1	1	1	1	1	0	0	0	0	1	1	0	0	0	0	1	1	1	1	0	1	0	1	0	0	1	0	0	0	1	0	1	1	0	1	1	1	1	1	0	0	1	0	1	1	0	0	0	0	0	1	0	1	0	0	0	0	0	1	0	0	1	1	1	0	1	0	0	0	0	0	0	0	1	0	1	0	0	1	0	1	0	0	1	0	1	1	1	1	0	1	1	1	1	0	0	1	1	0	1	0	0	0	1	0	0	1	1	0	1	1	1	0	0	1	0	0	0	0	0	0	0	1	0	0	1	0	0	0	1	0	0	0	1	1	0	1	0	1	0	1	0	0	0	0	0	0	1	1	1	0	1	1	1	0	0	1	1	1	0	1	0.0	1	1	0	1	0	0	1	1	1	0	1	1	1	0	0	1	1	0	0	0	0	0	1	0	1	0	1	0	0	0	0	0	1	1	1	1	1	0	0	1	1	0	0	0	1	1	1	1	1	1	0	1	1	1	1	1	1	0	1	0	0	1	0	0	1	0	1	0	1	0	1	0	1	0	1	1	0	1	0	1	0	1	1	1	1	0	0	0	0	0	0	0	1	0	1	0	0	1	1	1	1	1	0	0	1	1	0	1	1	1	0	0	1	1	0	1	1	1	0	1	1	0	0	1	0	0	0	0	0	0	1	0	0	1	0	1	0	0	1	1	0	0	1	0	1	0	0	1	1	0	0	1	1	0	0	0	1	0	1	1	0	0	0	0	0	1	0	0	1	1	1	1	0	0	0	1	0	1	1	0	0	0	1	1	1	0	1	1	0	0	1	1	0	0	1	0	0	1	1	1	1	1	0	1	1	1	1	1	0	1	0	0	0	0	1	1	0	0	1	0	1	1	1	1	0	0	1	0	1	0	1	1	1	0	0	1	0	0	1	0	1	0	1	0	1	1	1	1	1	0	0	0	1	1	0	1	0	1	0	0	0	1	1	1	1	1	0	1	0	1	0	1	1	1	1	0	0	0	1	0	0	1	0	1	0	0	0	0	1	1	0	1	0	0	1	0	1	0	1	1	1	1	1	0	1	1	1	0	1	0	1	0	1	0	0	1	1	1	0	0	0	1	0	0	0	1	0	0	0	1	1	0	1	1	0	1	0	0	1	1	0	0	1	0	1	0	1	1	0	0	0	1	1	1	0	1	1	0	1	0	1	0	0	0	0	1	1	1	0	1	1	0	1	0	1	0	0	0	1	0	1	1	1	0	1	0	0	0	1	0	1	0	1	1	0	0	0	0	1	0	0	0	1	0	1	0	1	0	0	0	0	1	1	0	0	1	0	0	0	0	0	1	0	1	1	0	0	0	1	1	1	0	0	1	1	0	0	0	1	1	0	1	1	0	0	0	0	1	1	1	0	0	0.0	1	1	1	1	0	0	0	1	0	1	1	0	0	1	1	1	1	0	0	0	1	1	1	0	1	0	1	0	0	0	0	1	0	1	1	1	0	1	0	1	1	1	0	1	1	1	1	1	0	1	1	0	0	1	1	1	0	0	1	1	1	0	0	1	1	0	0	1	0	0	0	1	0	1	0	0	0	1	1	1	1	0	0	1	0	0	1	0	0	0	0	1	0	0	1	0	0	1	1	1	1	1	1	0	0	0	1	1	0	0	0	0	0	0	1	0	0	1	1	0	1	0	1	1	1	0	0	0	0	0	0.0	0	0	1	1	0	0	0	1	0	1	0	1	0	0	1	1	0	1	0	1	0	1	0	0	0	1	1	1	1	0	1	1	1	0	0	0	1	1	1	0	1	1	0	1	0	0	0	1	0	1	0	1	0	0	1	0	0	0	0	1	1	1	1	1	0	1	1	1	1	0	1	0	1	1	1	0	1	1	1	0	0	0	1	0	0	1	0	0	1	1	0	1	0	0	1	1	0	1	0	0	1	1	0	1	0	1	0	0	0	0	1	0	1	0	0	1	1	0	1	0	0	1	0	0	1	1	1	1	0	0	0	1	1	1	1	1	0	1	0	0	1	1	0	1	0	1	1	0	0	0	0	0	1	1	0	1	1	0	0	1	0	0	0	1	1	0	1	0	0	0	1	1	1	0	1	0	1	1	1	0	0	0	1	1	0	1	1	1	0	1	1	1	1	1	0	0	0	0	1	0	0	0	1	0	1	1	0	0	0	1	1	1	1	0	1	0	0	0	0	0	0	1	0	0	1	1	0	1	0	1	1	0	0	0	1	0	0	1	1	0	1	1	1	0	1	1	1	0	1	0	0	1	0	0	0	1	0	0	0	0	1	1	1	1	1	1	0	0	1	0	1	0	0	0	1	0	0	1	0	0	0	0	0	1	1	0	0	1	0	1	1	0	0	1	0	0	1	0	0	0	1	0	0	1	0	0	1	1	0	1	1	0	0	1	0	1	1	1	1	0	0	1	1	0	0	0	1	1	1	0	1	1	1	0	1	0	1	0	1	0	0	1	1	0	1	1	0	1	1	0	0	0	1	0	1	0	1	0	0	0	0	0	0	1	1	0	1	1	0	1	1	1	1	1	1	0	0	0	1	0	0	0	0	0	1	0	0	1	1	0	1	0	1	1	1	1	1	0	1	1	0	0	0	1	0	1	0	1	0	1	1	1	0	0.0	0	0	1	0	1	0	1	1	1	0	1	1	1	1	1	0	1	1	1	0	1	1	0.0	0	1	1	0	1	1	0	1	1	0	0	1	1	0	1	0	1	0	1	0	0	0	1	0	1	0	1	1	0	0	1	1	0	0	1	0	0	0	0	1	1	1	1	0	1	1	0	1	0	0	1	0	0	0	0	1	1	1	0	0	1	0	0	0	0	0	1	0	1	1	1	0	1	0	1	0	0	0	0	0	0	1	1	0	1	0	1	0	1	0	0	1	1	0	0	1	1	1	1	1	0	1	0	1	1	1	1	0	0	1	0	1	1	1	0	0	0	1	1	1	0	0	1	1	1	1	0	1	1	1	1	0	0	0	0	0	0	1	0	1	1	0	1	0.0	0	0	0	0	1	0	0	1	0	0	1	1	1	1	0	0	1	1	0	1	1	1	0	1	1	1	0	1	0	1	1	1	0	1	1	1	0	0	0	0	1	1	1	0	1	0	0	0	0	0	1	0	0	0	0	0	1	0	1	0	1	1	0	0	1	0	0	1	0	0	0	0	0	1	0	0	0	1	1	0	1	0	0	0	0	1	0	0	0	1	0	1	0	0	1	0	1	1	0	1	1	1	1	0	0	1	1	0	1	0	1	1	1	0	1	1	1	0	0	1	0	1	0	1	1	1	1	1	0	0	1	1	0	0	0	1	0	0	1	1	1	0	0	0	1	0	1	1	1	1	0	0	1	1	0	0	1	0	0	0	0	0	1	1	1	1	1	1	1	0	1	1	0	0	1	0	0	1	1	1	0	1	1	1	0	1	1	1	1	1	1	0	1	0	0	1	1	0	0	1	0	0	1	0	1	0	0	1	1	1	1	0	0	0	1	0	0	0	1	0	1	0	1	1	0	0	1	1	0	1	1	1	1	1	1	0	0	1	0	1	0	0	0	1	0	1	1	1	0	0	0	0	0	1	0	1	0	0	1	0	1	1	0	0	0	0	0	1	0	1	0	1	0	0	1	0	0	0	0	1	0	1	1	1	0	0	0	1	1	1	0	1	1	0	1	0	0	1	0	0	1	0	1	0	1	0	1	1	0	0	1	0	0	1	1	1	1	1	1	1	1	1	1	1	0	1	1	1	0	1	1	0	0	0	1	1	1	0	0	1	0	0	0	0	1	0	1	0	0	1	0	1	1	1	1	1	1	0	0	1	1	0	1	1	1	1	0	1	1	1	1	0	0	0	1	0	0	1	0	0	0	0	0	0	0	1	1	1	1	1	0	0	0	1	0	1	1	0	1	1	1	1	1	1	1	1	0	1	0	1	0	1	1	0	0	0	0	0	0	1	0	0	1	0	1	0	0	0	0	1	0	0	0	0	1	1	0	1	0	1	0	1	0	1	1	0	1	1	0	0	1	1	1	1	0	0	0	1	1	0	1	1	1	1	0	1	0	1	0	1	1	1	0	1	0	1	0	1	0	0	1	1	1	0	1	1	1	1	0	1	1	1	0	0	1	0	1	1	1	0	0	0	1	1	0	1	1	1	1	0	0	0	1	1	1	1	1	1	1	0	0	1	0	1	0	1	0	1	0	0	1	1	0	0	0	0	1	1	1	0	1	0	1	1	1	0	1	0	0	0	1	1	0	1	0	1	1	1	0	0	1	1	1	0	1	0	1	1	0	1	1	1	1	0	1	1	0	0	1	1	0	0	1	1	0	1	0	0	1	0	0	0	1	0	0	1	1	0	0	1	0	0	0	0	0	0	1	0	0	1	0	0	0	0	1	0	1	1	1	1	1	1	0	0	0	0	1	1	0	0	0	1	1	1	1	1	0	1	1	1	0	1	0	0	1	1	1	1	1	1	0	0	1	1	0	0	1	1	1	1	1	1	0	0	1	1	0	0	0	0	1	1	0	1	1	0	1	1	0	1	0	1	0	1	0	0	1	1	1	0	0	1	1	0	1	0	1	0	0	1	0	1	0	0	1	1	1	0	0	1	1	1	0	0	1	0	1	1	0	0	1	1	1	1	1	0	1	1	0	1	1	1	1	1	1	0	0	0	1	1	1	1	1	1	0	1	1	0	1	0	0	0	1	0	0	0	0	1	0	0	1	1	0	0	1	1	1	0	0	1	0	0	0	1	0	1	1	0	0	0	0.0	1	0	0	0	1	0	1	0	1	1	0	1	1	1	1	1	0	1	0	1	0	1	0	0	1	0	0	0	0	0	1	1	0	0	1	1	1	0	1	0	1	0	1	1	1	1	0	1	0	0	0	1	1	0	1	1	0	0	0	0	1	0	0	1	0	1	1	1	0	0	1	1	0	1	0	0	0	0	1	1	0	0	0	1	1	1	1	1	1	1	1	0	0	1	0	0	1	0	1	0	1	1	0	1	1	0	0	1	0	1	1	1	1	0	0	0	0	0	0	1	1	1	0	1	1	0	1	0	1	1	0	1	0	0	1	1	1	0	1	0	0	0	1	0	1	1	0	0	1	1	1	1	1	1	0	1	1	0	1	1	1	1	0	1	0	1	0	0	1	0	0	1	1	1	0	1	1	0	1	0	0	0	0	1	0	0	1	1	0	1	1	0	0	1	0	1	0	0	1	0	1	0	0	0	0	0	0	0	0	1	0	0	0	0	1	0	0	1	1	0	0	1	0	1	0.0	0	1	0	1	1	1	0	0	1	0	1	1	0	1	1	0	0	1	0	1	1	1	1	0	1	1	0	1	1	1	1	1	0	0	1	0	1	0	0	0	0	1	1	0	0	0	1	1	1	1	1	0	1	0	0	0	1	0	0	1	0	0	1	0	1	1	0	1	1	1	1	1	1	1	1	1	1	1	0	1	1	1	0	1	0	1	1	1	1	0	1	0	1	1	1	0	1	1	1	0	1	0	0	1	0	1	0	0	0	1	1	0	0	1	1	0	0	0	0	1	0	1	0	0	1	0	0	0	1	1	0	1	0	0	1	1	0	1	1	0	0	1	0	0	0	0	1	1	1	0	0	0	1	1	0	1	1	0	0	0	1	1	0	0	0	0	0	0	0	0	0	1	0	0	1	0	1	1	0	1	0	1	0	0	1	0	1	1	1	1	0	1	0	1	1	0	1	1	0	1	0	1	1	1	1	1	0	1	1	1	1	0	0	0	1	1	0	0	0	0	1	1	0	0	0	0	1	0	0	0	0	0	1	1	0	0	0	0	0	1	1	1	1	0	1	1	1	1	1	0	1	0	0	0	0	1	1	0	0	0	1	0	0	0	0	0	1	1	1	0	1	0	1	1	0	0	0	0	1	0	1	1	0	1	1	1	0	1	1	0	0	1	1	1	1	1	0	0	0	0	0	0	1	1	1	1	0	0	0	1	1	0	1	1	1	1	1	0	1	0	0	1	1	1	0	0	0	1	1	1	0	0	0	0	0.0	0	0	1	0	0	0	0	1	1	1	1	1	0	1	1	0	0	1	0	1	1	1	1	0	1	0	1	1	0	1	0	0	0	0	0	0	0	0	1	0	1	0	0	1	0	0	0	0	1	0	1	1	0	0	1	0	0	1	1	0	0	0	0	0	1	0	0	0	1	0	1	1	0	0	1	0	1	0	1	0	0	0	0	0	0	0	1	1	0	0	0	1	0	1	0	0	1	1	0	1	1	0	1	0	0	1	0	1	0	0	1	1	0	0	0	1	1	1	1	1	0	1	1	1	1	1	1	0.0	0	0	0	0	0	0	0	0	0	1	0	0	1	1	0	0	1	0	0	1	0	1	0	1	1	1	0	0	1	0	0	0	1	0	1	0	0	1	0	1	0	1	1	0	1	0	0	0	1	0	1	0	1	1	0	1	0	1	0	1	1	0	1	0	1	1	1	0	0	0	0	0	1	1	0	0	0	0	0	0	1	0	0	1	0	1	0	1	0	0	1	0	1	1	1	1	1	1	0	0	1	1	0	1	1	0	0	1	0	1	0	1	0	1	1	0	1	0	1	1	0	1	0	1	1	1	0	1	0	1	0	1	0	1	0	1	1	1	1	0	1	0	1	0	0	1	1	0	0	1	0	0	0	1	1	1	1	0	1	0	1	1	0	0	1	1	0	1	0	0	1	1	1	1	1	0	0	0	0	0	1	0	1	0	1	1	0	0	0	1	0	1	0	1	1	0	0	0	0	0	0	0	1	1	0	1	0	1	1	0	1	1	1	1	1	1	0	1	1	1	0	1	0	0	0	1	1	0	1	1	1	1	0	1	1	1	1	1	1	1	1	0	1	0	1	0	0	1	