Performance Statistics:------------------------------------------------------------------------
Training Accuracy	Testing Accuracy	Training Coverage	Testing Coverage
0.5277733611245139	NA	0.9957264957264957	NA

Population Characterization:------------------------------------------------------------------------
MacroPopSize	MicroPopSize	Generality
988	1000	0.633349999999999

SpecificitySum:------------------------------------------------------------------------
A_0	A_1	A_2	A_3	A_4	A_5	A_6	A_7	A_8	A_9	A_10	A_11	A_12	A_13	A_14	A_15	A_16	A_17	A_18	A_19	A_20	A_21	A_22	A_23	A_24	A_25	A_26	A_27	A_28	A_29	A_30	A_31	A_32	A_33	A_34	A_35	A_36	A_37	A_38	A_39	A_40	A_41	A_42	A_43	A_44	A_45	A_46	A_47	A_48	A_49	A_50	A_51	A_52	A_53	A_54	A_55	A_56	A_57	A_58	A_59	A_60	A_61	A_62	A_63	A_64	A_65	A_66	A_67	A_68	A_69	A_70	A_71	A_72	A_73	A_74	A_75	A_76	A_77	A_78	A_79
519	412	414	382	347	349	383	334	369	355	321	381	308	396	353	260	351	331	361	336	451	443	391	362	445	373	412	337	403	336	388	345	373	455	346	310	406	385	364	407	403	328	301	308	316	342	342	335	330	312	367	348	319	377	355	316	321	421	366	373	387	356	357	360	331	338	379	366	340	382	420	311	372	397	449	388	396	321	390	418

AccuracySum:------------------------------------------------------------------------
A_0	A_1	A_2	A_3	A_4	A_5	A_6	A_7	A_8	A_9	A_10	A_11	A_12	A_13	A_14	A_15	A_16	A_17	A_18	A_19	A_20	A_21	A_22	A_23	A_24	A_25	A_26	A_27	A_28	A_29	A_30	A_31	A_32	A_33	A_34	A_35	A_36	A_37	A_38	A_39	A_40	A_41	A_42	A_43	A_44	A_45	A_46	A_47	A_48	A_49	A_50	A_51	A_52	A_53	A_54	A_55	A_56	A_57	A_58	A_59	A_60	A_61	A_62	A_63	A_64	A_65	A_66	A_67	A_68	A_69	A_70	A_71	A_72	A_73	A_74	A_75	A_76	A_77	A_78	A_79
360.5656319796291	297.4041227679194	278.2169262241126	259.6756569229738	238.86301691174373	232.416028538463	257.21298692320534	226.6373850417374	248.1122507005386	243.00902099060974	219.5609651843701	251.16932533197502	211.22283102277564	273.4877445023561	249.89332384867413	175.7303706209139	236.22335321677613	232.33718056743638	240.46191947908792	226.537060377008	302.5208811395921	306.3612577456751	279.64972694648065	245.86876423191904	301.1858443011792	252.1870708214092	277.3139818941686	231.06325283772853	267.2220553575065	228.1528545572384	252.10667768089453	231.2833105391137	250.48357912962138	312.6361181612402	229.93171560456037	200.23217865290428	274.7709628183951	248.78860172451334	240.4487292780526	279.80766213967615	268.77431102281713	227.73623711602716	186.09290267329771	202.93882479829207	204.01834068006914	224.18632428069932	234.0430240336231	225.60888959302017	231.08145179274837	206.71123784660605	248.81494391927757	229.44550547231327	220.1068480014864	260.97634812749965	235.15552596893554	208.12548132337446	204.92069436495282	281.48142917470784	256.1572254599878	244.929918987522	254.9453168937815	240.54597985901552	242.12335087430057	251.50510214643847	213.54252525499354	220.0599317042929	251.65844138494674	252.26615359739023	229.11302532657714	263.028786044882	282.60103412044873	201.32015865084105	259.22223379185033	273.9598215044388	298.1732376906469	256.59955206494624	267.924240460406	205.46367349560487	263.60646842555235	292.6567346558713

Run Time(in minutes):------------------------------------------------------------------------
Global Time	30.68906597296397
Matching Time	16.413434326648712
Deletion Time	7.885786620775859
Subsumption Time	2.1193442980448407
Selection Time	0.11159202655156454
Evaluation Time	2.353405543168386

CorrectTrackerSave:------------------------------------------------------------------------
0	0	1	0	1	0	1	0	0	1	0	1	0	0	0	1	1	1	1	1	0	0	1	1	1	0	1	1	0	0	1	0	0	1	1	1	1	1	1	1	1	1	0	0	1	0	0	0	0	1	1	1	1	1	1	1	1	0	0	0	0	1	1	0	0	0	1	0	0	0	0	0	1	0	1	0	0	1	0	0	1	1	1	0	1	0	0	1	1	0	1	1	0	1	1	1	1	1	1	0	1	0	1	1	1	0	1	0	0	1	1	1	0	1	1	0	1	0	1	1	1	0	0	1	1	0	1	1	1	0	0	1	1	0	0	1	1	1	0	1	1	0	1	1	0	1	0	0	1	1	1	1	0	1	1	1	0	0	1	0	0	1	1	1	1	0	1	0	0	1	0	1	1	1	0	1	0	0	0	1	0	1	0	1	1	1	1	1	1	1	0	0	1	1	1	0	1	1	1	1	1	0	0	0	1	0	0	1	1	1	0	1	1	0	1	1	1	0	0	0	1	1	0	0	1	1	1	1	1	1	0	0	0	1	0	1	1	0	1	1	1	1	1	1	0	1	1	0	1	0	0	0	1	0	0	1	1	1	0	0	0	0	1	1	1	1	0	0	0	1	0	0	1	1	1	1	1	1	1	1	1	1	0	1	1	1	1	0	1	1	0	0	1	1	0	1	0	1	0	0	1	0	1	1	1	0	1	0	0	1	0	1	1	1	1	1	1	0	1	1	0	1	0	1	1	0	1	1	1	1	0	1	1	1	1	0	0	1	0	0	1	1	1	1	1	0	0	1	1	0	0	1	1	0	1	0	1	0	1	0	1	1	0	1	0	1	1	1	0	1	1	1	1	1	1	1	1	0	1	1	0	1	0	1	0	0	0	1	1	1	1	1	0	0	0	0	1	1	0	1	1	1	1	1	0	1	1	1	1	1	1	0	0	0	0	0	0	1	1	1	0	0	0	1	1	0	0	1	1	1	1	0	1	1	1	1	1	0	1	0	0	1	1	0	1	0	0	0	0	0	1	1	1	0	0	1	1	0	1	0	1	0	1	1	1	0	1	1	1	1	0	0	0	1	0	1	1	1	1	0	1	1	1	0	1	1	1	1	1	1	1	1	1	1	1	1	0	0	0	0	1	0	1	0	0	0	1	1	0	1	1	1	0	1	1	1	1	1	1	1	1	1	0	0	0	1	0	1	0	1	1	1	1	1	1	0	1	1	0	1	0	1	0	1	0	1	1	1	0	1	0	0	1	0	0	0	0	1	0	1	0	0	0	0	0	1	0	0	0	1	1	0	1	1	1	1	1	0	1	0	1	1	0	1	1	0	1	1	1	1	1	0	1	1	1	0	0	0	1	1	1	0	1	0	1	1	1	1	0	0	0	1	0	1	0	1	1	1	1	0	1	1	0	0	1	1	0	1	0	0	0	0	0	0	0	0	1	0	1	1	1	0	1	0	0	1	1	1	1	1	0	1	0	1	0	1	1	1	0	1	0	0	0	0	1	0	1	1	0	1	1	0	1	1	1	1	1	0	0	1	0	1	0	1	0	0	1	0	0	0	1	1	1	1	1	0	1	1	0	1	1	0	0	0	0	1	1	0	0	1	1	0	0	1	1	0	0	1	1	0	1	1	0	0	0	1	1	1	1	1	1	1	1	1	1	1	0	1	1	0	0	1	1	1	0	1	1	0	0	0	1	1	1	1	0	0	1	0	1	1	1	0	1	0	1	1	0	0	0	0	1	1	0	0	1	0	1	0	0	0	0	1	0	1	0	0	1	0	1	0	1	1	1	0	0	0	0	1	1	0	1	1	0	0	1	0	0	1	1	1	1	1	0	0	1	0	1	1	1	1	0	0	0	1	0	1	0	1	0	0	0	1	1	0	0	0	0	0	1	1	1	0	1	1	0	1	1	0	1	0	0	1	1	1	0	1	0	1	1	1	0	1	1	0	0	0	0	1	1	0	1	0	1	0	0	1	1	1	1	0	0	1	1	1	1	0	1	0	1	1	1	0	1	1	1	0	0	1	0	0	0	1	1	0	1	0	0	0	1	0	0	0	0	1	0	0	0	0	0	0	1	0	0	0	0	0	0	0	1	1	0	0	0	0	0	1	1	1	0	1	1	1	0	0	1	1	1	1	1	0	1	1	1	1	0	0	0	1	1	1	1	1	1	0	1	1	1	0	1	0	1	1	1	1	1	0	0	1	0	0	0	1	1	1	0	0	0	1	1	1	1	0	1	1	0	1	1	1	0	1	1	0	0	1	1	0	0	0	0	0	1	1	1	0	0	0	1	0	1	1	0	1	1	0	1	1	1	1	1	1	0	1	0	1	1	1	0	1	1	1	1	1	0	1	0	0	0	0	0	0	1	0	1	0	0	1	0	1	1	0	0	0	1	0	1	1	0	1	0	1	1	1	0	0	0	0	1	1	1	0	1	1	0	1	1	1	1	0	1	0	1	1	1	1	0	1	1	1	0	1	0	1	1	1	0	1	0	0	0	1	0	1	0	1	0	1	0	1	0	1	1	1	1	1	0	1	1	1	1	0	1	1	1	0	1	1	0	0	0	0	1	1	0	0	1	1	0	1	1	0	1	1	1	1	1	1	0	1	0	1	1	1	1	0	0	1	1	0	1	1	0	1	0	0	0	1	0	0	1	0	1	0	1	0	1	1	1	0	1	0	0	0	1	1	1	1	0	1	0	0	0	1	0	0	1	0	1	1	0	1	0	0	1	0	1	0	0	0	1	0	1	0	1	0	1	0	1	1	1	0	0	0	0	0	0	1	1	1	0	1	1	0	0	0	1	1	1	1	1	1	1	0	0	0	1	0	1	0	0	1	1	1	1	1	0	0	0	1	0	0	1	0	1	1	1	1	1	1	1	0	0	1	1	1	0	1	0	1	1	0	0	0	1	1	0	1	1	0	1	1	1	0	1	0	0	1	1	0	0	0	0	0	0	1	1	1	1	1	1	1	0	1	0	0	1	0	1	1	1	0	1	1	1	1	1	1	0	1	0	0	0	1	0	0	1	1	1	1	0	1	1	1	0	1	0	0	1	1	1	0	1	0	1	1	0	1	0	1	1	0	0	1	0	1	1	1	1	1	0	0	1	1	1	0	1	1	1	1	0	1	1	1	1	0	1	1	1	0	0	1	0	1	1	0	1	0	0	1	0	1	1	0	0	1	0	0	0	0	0	1	0	1	1	1	1	1	1	1	1	1	0	0	1	1	1	0	1	1	0	1	1	1	1	0	0	0	0	0	1	1	0	1	1	1	0	1	1	1	1	1	1	0	0	0	0	0	0	0	0	1	0	0	0	1	1	1	0	0	1	1	1	1	1	1	1	1	1	1	0	0	0	1	0	0	0	1	1	1	1	0	1	1	1	1	0	0	0	1	1	0	0	1	1	1	1	0	1	1	1	1	1	1	1	0	1	1	1	0	1	1	1	0	1	1	1	1	1	1	0	0	0	1	1	1	0	0	1	1	1	1	0	1	1	1	0	0	1	1	1	0	0	0	1	1	0	1	0	1	0	1	1	0	1	0	1	1	1	1	0	0	1	0	0	1	0	0	1	0	0	1	1	0	0	1	1	0	0	0	0	0	1	0	1	0	0	1	0	1	1	1	1	1	0	0	0	0	1	0	0	1	1	0	1	0	1	0	0	1	1	1	0	0	0	1	1	1	1	1	1	1	1	1	0	1	0	1	1	0	0	0	1	1	0	0	1	0	1	0	1	0	0	1	1	0	0	1	0	1	1	0	1	1	1	1	1	0	0	1	0	1	1	1	1	1	1	1	1	0	0	0	0	0	1	1	0	0	0	0	0	1	1	1	0	1	0	1	0	1	0	1	0	1	0	0	1	0	1	0	0	1	0	0	1	1	1	0	1	1	1	1	1	0	0	1	0	1	0	0	0	1	0	0	1	0	1	1	1	1	0	0	1	0	0	1	0	0	0	1	0	0	1	1	1	1	0	1	0	1	0	0	1	1	0	0	1	1	0	1	0	0	0	0	1	1	1	1	0	1	1	1	0	0	1	1	1	0	0	1	1	0	0	0	1	0	1	1	1	0	1	1	1	0	0	1	1	1	0	0	1	0	1	0	1	1	0	0	0	0	0	1	1	1	1	0	0	0	0	1	1	0	0	1	1	1	1	1	1	1	1	1	1	1	1	1	1	0	1	0	0	1	0	0	0	0	1	1	1	0	1	1	1	1	1	1	1	1	0	0	0	1	0	1	0	1	0	0	1	0	0	1	1	0	0	1	0	1	1	1	0	1	1	0	0	1	0	1	1	1	0	0	1	1	0	1	0	1	0	1	1	0	0	0	1	1	0	0	0	0	1	1	0	1	0	1	0	0	1	1	0	1	1	1	1	0	1	0	1	0	0	1	1	1	1	0	0	0	1	1	0	0	0	0	0	1	1	0	0	1	1	1	0	0	0	1	0	1	1	0	1	0	1	1	1	1	1	1	0	1	1	0	0	0	0	0	1	0	1	1	1	1	1	1	1	1	1	1	1	1	0	0	1	0	1	1	1	1	1	0	0	1	1	1	1	0	1	0	0	1	1	1	1	1	0	0	0	0	1	1	1	0	1	1	1	1	1	1	0	0	1	0	1	0	0	1	1	1	1	0	1	1	1	0	0	0	0	1	0	1	1	1	1	1	1	0	1	1	1	0	0	1	1	1	0	0	0	1	1	1	0	1	0	0	0	1	1	0	1	1	1	1	1	0	1	1	1	1	0	1	1	0	1	0	1	1	1	1	1	0	1	1	0	0	0	1	1	1	0	1	1	1	1	1	0	1	0	0	1	1	1	0	1	1	1	1	1	1	0	1	0	1	0	1	0	1	1	0	1	0	1	1	1	0	0	1	0	1	1	0	0	0	1	1	1	1	1	1	1	0	1	1	1	0	1	0	0	0	1	0	1	0	0	0	0	1	0	0	1	0	0	0	1	0	0	1	1	0	1	0	0	0	1	1	1	1	0	1	0	1	0	1	0	1	1	1	1	1	1	1	1	0	1	1	1	0	0	0	1	1	0	1	1	1	0	1	0	1	1	0	0	0	0	1	1	0	1	1	0	0	1	0	1	1	1	1	1	1	1	1	1	0	0	1	1	1	0	1	0	1	0	0	0	1	1	1	0	1	1	0	1	0	1	1	1	0	1	1	1	1	1	0	0	1	0	0	1	0	0	1	0	1	1	1	0	0	1	1	0	0	1	0	1	0	1	0	1	1	0	1	1	1	1	1	0	0	1	0	1	1	1	0	1	1	1	0	0	1	1	1	0	1	1	1	1	1	0	0	1	0	1	0	0	0	0	1	1	1	1	0	0	1	1	1	1	1	1	1	0	0	0	0	0	0	0	0	0	1	1	0	0	1	1	1	1	1	0	0	1	1	0	0	0	0	0	1	0	0	0	1	1	0	1	1	1	1	1	1	0	0	1	1	1	0	1	1	0	1	1	0	0	1	0	0	0	1	0	0	1	1	0	0	1	1	1	1	1	1	0	1	1	1	1	0	1	0	1	1	0	0	1	0	0	0	1	0	0	0	0	1	1	0	1	1	1	0	1	0	1	0	0	1	0	1	1	1	0	1	1	1	1	0	0	0	1	1	1	1	0	0	1	0	1	1	1	1	0	1	1	1	1	1	0	0	0	0	1	1	1	1	0	0	1	0	1	1	1	1	0	0	0	0	0	1	0	0	1	0	1	1	1	0	1	1	1	0	0	1	1	0	0	0	1	0	1	1	1	1	0	0	1	1	1	0	0	1	0	1	0	1	1	1	0	1	1	0	1	1	1	1	0	0	1	0	0	0	0	1	1	0	0	1	0	1	0	1	0	0	1	0	0	0	0	0	0	1	1	0	1	0	0	1	1	1	1	0	0	0	1	0	1	1	1	1	0	1	0	0	1	1	1	0	1	1	0	1	0	1	0	1	0	0	0	0	0	1	1	0	1	1	0	0	1	1	1	1	0	1	1	0	1	1	0	0	1	1	1	1	1	0	1	1	0	1	1	0	1	0	0	0	0	0	1	1	1	0	1	1	1	0	1	1	0	1	1	0	1	1	1	1	1	1	1	1	0	0	1	0	0	1	0	0	0	0	1	1	1	0	1	1	1	0	1	1	1	1	1	1	1	0	0	1	1	0	0	1	1	1	1	0	1	0	0	1	1	0	0	0	1	0	1	1	1	1	1	1	1	1	0	0	1	0	1	1	0	1	1	1	0	0	0	1	1	1	1	0	0	1	1	0	1	0	1	1	0	0	0	1	0	1	0	1	0	1	1	1	1	1	1	1	1	1	1	1	0	1	1	1	1	1	0	1	1	1	1	1	1	0	1	0	0	0	1	1	1	1	1	0	1	1	0	1	1	1	0	1	0	1	0	1	0	0	0	1	0	1	0	1	1	0	0	1	1	0	0	0	1	0	1	0	1	1	1	1	0	1	1	1	1	0	0	1	0	1	0	0	1	0	1	0	0	1	0	0	0	0	1	1	0	0	1	1	0	1	0	1	0	0	1	0	1	0	0	0	1	1	1	1	1	1	0	0	0	0	0	0	0	0	1	1	0	0	0	0	0	1	0	1	0	1	1	0	0	0	1	1	0	1	1	1	0	0	0	1	1	1	1	0	1	1	1	0	1	0	0	0	0	1	1	0	1	1	0	1	0	0	0	1	0	1	1	1	1	1	1	0	1	0	0	1	1	0	0	1	1	1	1	0	1	0	1	1	1	0	1	1	1	0	1	1	1	0	0	0	0	0	0	1	1	0	0	0	1	0	0	1	0	0	1	0	1	1	1	1	1	1	1	0	1	1	0	0	1	0	0	0	0	0	1	0	0	0	0	1	1	1	0	0	0	0	1	1	0	1	1	0	1	0	1	1	1	1	1	0	0	1	0	1	0	0	1	1	1	1	1	1	0	1	0	1	0	1	0	1	1	0	1	0	1	0	1	1	1	1	0	1	1	0	0	0	1	0	0	1	0	1	1	1	0	1	1	1	1	1	1	0	0	1	1	0	0	1	0	0	1	0	0	1	0	1	1	0	0	1	1	1	1	0	0	1	1	1	1	0	1	0	0	1	1	1	1	0	1	1	1	1	0	1	1	1	1	0	0	0	1	0	0	0	1	0	1	1	1	0	1	1	0	0	0	1	0	1	1	0	0	1	0	0	1	0	1	1	1	0	1	0	1	0	1	0	1	0	1	1	1	0	0	0	0	1	1	1	1	0	1	1	1	0	1	0	1	0	1	0	0	1	1	0	0	1	0	0	1	0	1	0	1	0	1	1	0	1	0	0	1	0	1	0	1	0	0	1	1	1	1	1	1	1	1	1	1	0	0	0	0	0	0	1	1	1	0	1	0	0	1	1	0	0	1	1	1	1	1	1	1	0	1	1	0	0	0	1	1	1	1	1	1	0	0	0	1	1	0	0	1	1	1	1	0	1	1	1	0	1	1	0	1	0	0	1	0	1	0	1	1	1	0	1	1	1	1	0	0	0	1	1	1	1	0	1	1	0	1	0	0	1	0	1	1	0	1	0	1	1	1	0	0	0	1	1	1	1	1	1	0	1	1	1	1	1	1	0	1	1	1	1	1	1	1	1	0	1	1	1	1	1	0	1	1	1	1	0	0	1	1	1	0	0	0	1	0	0	1	0	1	1	1	0	1	1	0	1	1	1	0	1	1	1	1	0	1	1	1	1	1	1	0	1	1	0	1	1	0	1	0	1	1	1	0	0	1	0	0	0	1	1	1	1	1	1	0	1	0	0	1	0	0	1	0	1	0	1	1	1	0	0	0	1	1	0	1	1	1	1	1	1	0	1	1	1	1	1	0	1	1	0	1	1	1	0	1	1	1	0	0	1	1	1	0	0	0	0	1	1	0	0	1	1	1	0	0	1	0	1	0	1	1	0	1	1	1	1	0	1	0	1	1	1	1	0	0	1	1	0	1	1	0	0	0	1	1	0	0	1	1	1	0	1	0	0	1	1	0	0	0	1	0	0	0	1	1	1	0	0	1	0	0	0	0	1	0	1	0	1	1	0	0	0	0	1	1	1	1	1	1	1	0	0	0	0	0	1	1	1	0	0	1	0	1	1	0	0	1	1	0	1	1	0	0	1	0	1	1	0	1	0	1	1	1	0	1	1	1	1	0	1	1	0	0	1	1	0	0	1	0	1	1	0	1	1	0	1	1	0	1	0	1	0	1	1	1	1	0	1	0	0	1	0	0	1	0	0	1	0	1	0	1	0	0	1	1	1	1	0	1	1	1	0	0	1	1	1	1	1	0	1	0	1	1	1	0	1	1	0	1	1	1	1	1	0	0	0	0	1	1	1	0	1	1	0	1	1	1	1	0	0	0	1	1	0	0	0	1	1	1	1	1	1	0	1	1	1	0	0	1	0	0	0	0	0	1	1	0	1	1	0	1	0	1	0	1	0	1	0	1	1	1	1	1	0	1	1	0	1	1	1	1	0	1	1	1	1	1	1	1	0	0	1	0	0	1	1	1	0	0	1	1	0	1	1	1	1	1	1	0	0	0	1	0	0	1	1	1	1	1	1	0	0	0	0	0	1	1	1	0	1	0	1	0	1	0	0	1	1	0	1	1	1	0	1	1	0	1	1	1	1	1	1	0	0	0	1	1	0	1	0	1	1	0	1	1	0	1	1	0	1	1	1	1	0	1	0	0	0	0	1	1	0	0	1	1	0	1	0	1	1	1	1	0	0	0	1	0	0	1	1	0	1	1	1	1	1	0	1	1	1	0	1	0	0	0	0	1	1	0	1	0	0	0	1	1	0	1	1	1	0	0	0	1	1	0	1	1	0	1	1	1	0	0	1	1	0	1	1	0	0	1	1	0	1	1	1	0	0	1	0	1	1	0	1	1	0	1	0	0	1	0	0	1	1	0	0	1	0	1	0	0	1	1	1	0	0	0	0	1	1	1	0	0	1	0	1	1	0	0	1	1	0	0	1	1	0	1	1	1	1	1	0	0	1	1	0	0	1	0	1	0	0	0	0	1	1	1	0	1	0	0	1	1	1	0	1	0	1	0	1	0	1	0	0	1	0	0	1	0	1	0	0	1	1	1	0	1	1	1	1	1	0	0	0	1	1	1	0	1	0	1	1	1	0	0	0	0	1	0	1	0	1	0	1	1	1	0	1	1	1	1	0	1	0	1	1	1	0	0	0	1	0	1	0	1	1	1	0	1	1	0	0	0	1	1	0	1	1	1	1	1	1	0	1	0	0	0	0	1	0	1	1	1	1	0	0	0	0	1	1	1	1	1	0	1	1	1	1	0	0	1	0	1	0	0	1	0	0	0	1	0	1	1	1	0	0	1	0	0	1	1	1	1	1	1	0	1	0	1	1	1	1	1	0	1	0	1	0	1	1	1	0	1	1	0	1	0	0	0	1	0	0	0	0	0	1	0	1	0	0	0	1	0	0	0	0	0	1	1	0	1	1	0	0	1	1	1	1	1	1	1	1	1	1	0	1	1	1	0	0	1	1	1	1	0	1	0	0	0	1	0	1	1	0	0	1	0	1	1	0	0	0	0	1	1	0	1	0	1	1	1	1	1	0	1	0	1	1	1	1	1	1	0	0	0	0	0	0	0	1	1	0	1	0	1	1	0	1	0	1	1	1	1	1	1	0	0	0	1	1	1	0	1	0	1	0	0	0	1	1	0	0	0	0	0	0	1	1	1	1	1	0	1	1	1	0	0	1	1	1	1	1	1	0	1	0	0	1	0	1	1	0	1	0	0	1	0	0	1	0	1	0	1	1	1	0	1	0	1	1	1	1	0	0	1	1	1	1	0	1	0	0	1	1	1	0	0	0	1	1	1	1	0	0	1	0	1	0	1	0	1	0	0	1	1	0	0	1	1	0	0	1	1	1	0	0	1	0	1	1	1	0	1	0	0	1	1	1	0	0	1	1	0	1	1	1	1	0	1	1	0	1	0	1	0	1	1	0	0	0	1	1	1	1	0	1	0	1	0	1	0	1	0	1	0	1	0	0	1	1	1	1	1	1	0	1	0	0	1	0	0	0	0	0	0	0	0	0	1	1	1	0	0	0	0	0	1	0	1	0	0	1	0	0	0	0	0	0	1	0	1	1	1	1	1	1	1	1	0	0	1	1	0	1	0	1	0	1	1	0	0	1	0	0	0	1	0	1	0	0	1	0	1	1	0	0	1	1	1	1	0	0	1	1	0	1	1	1	1	1	0	1	0	1	0	0	0	1	0	1	0	1	1	1	0	1	0	1	0	1	1	1	1	0	1	1	1	0	1	1	1	0	1	0	0	1	0	1	0	1	1	1	1	0	1	1	1	0	0	1	1	1	0	1	0	1	0	0	1	1	1	1	1	1	1	0	0	1	1	0	1	0	1	1	1	1	0	1	0	1	0	1	1	0	1	1	1	1	0	1	1	1	1	1	0	1	0	0	1	1	1	1	1	1	0	1	1	1	0	0	0	1	0	0	1	0	1	1	1	0	1	0	1	1	1	1	1	1	1	0	1	0	1	0	0	1	