Performance Statistics:------------------------------------------------------------------------
Training Accuracy	Testing Accuracy	Training Coverage	Testing Coverage
0.52572711880642	NA	0.9944444444444445	NA

Population Characterization:------------------------------------------------------------------------
MacroPopSize	MicroPopSize	Generality
989	1000	0.6337875000000001

SpecificitySum:------------------------------------------------------------------------
A_0	A_1	A_2	A_3	A_4	A_5	A_6	A_7	A_8	A_9	A_10	A_11	A_12	A_13	A_14	A_15	A_16	A_17	A_18	A_19	A_20	A_21	A_22	A_23	A_24	A_25	A_26	A_27	A_28	A_29	A_30	A_31	A_32	A_33	A_34	A_35	A_36	A_37	A_38	A_39	A_40	A_41	A_42	A_43	A_44	A_45	A_46	A_47	A_48	A_49	A_50	A_51	A_52	A_53	A_54	A_55	A_56	A_57	A_58	A_59	A_60	A_61	A_62	A_63	A_64	A_65	A_66	A_67	A_68	A_69	A_70	A_71	A_72	A_73	A_74	A_75	A_76	A_77	A_78	A_79
440	307	469	396	369	386	357	336	315	316	410	370	380	361	411	328	348	429	362	354	366	419	397	337	396	353	354	358	313	348	349	348	327	347	356	402	332	410	303	322	362	436	375	421	356	356	404	384	376	375	340	416	327	308	312	365	364	366	335	348	359	340	386	407	299	324	357	350	405	368	351	388	372	372	410	354	369	341	470	368

AccuracySum:------------------------------------------------------------------------
A_0	A_1	A_2	A_3	A_4	A_5	A_6	A_7	A_8	A_9	A_10	A_11	A_12	A_13	A_14	A_15	A_16	A_17	A_18	A_19	A_20	A_21	A_22	A_23	A_24	A_25	A_26	A_27	A_28	A_29	A_30	A_31	A_32	A_33	A_34	A_35	A_36	A_37	A_38	A_39	A_40	A_41	A_42	A_43	A_44	A_45	A_46	A_47	A_48	A_49	A_50	A_51	A_52	A_53	A_54	A_55	A_56	A_57	A_58	A_59	A_60	A_61	A_62	A_63	A_64	A_65	A_66	A_67	A_68	A_69	A_70	A_71	A_72	A_73	A_74	A_75	A_76	A_77	A_78	A_79
299.6268750451788	198.86767413742106	325.02719872285803	260.05003951567915	250.8240587643437	256.63354011650296	243.06579377202212	220.79260866838632	212.63285659288223	218.7513551961973	280.1074840253763	245.50395366731175	243.5762481992862	243.26945175409637	268.9328156139209	218.1357987897265	231.29402739168785	276.74236720910227	246.23164271198226	252.5707823585286	243.11352627643086	271.12533304864985	262.736282147211	233.64811484348976	259.77340931062935	242.93684161942366	224.4482101186577	251.34156089296891	209.91548587889352	247.33784329403684	227.20089261851066	229.81125474578542	212.84738465059473	235.81997582872108	241.7337285616882	277.54943061800213	205.4752213298547	271.5577374048767	193.98960892860646	209.311465481371	241.91961953379683	292.2227330555795	250.19535247706798	281.98023789885644	244.58059674687138	229.34253581003165	265.5349252510425	258.45486148424993	245.14622079447358	249.66453107380798	227.21522161943412	277.3891072116905	200.83307388123583	209.9771326447407	211.79207465917136	239.0951936814171	238.424195247444	248.65230507434134	227.16591187225268	229.68153749326294	250.83528552383353	235.21095152993587	258.1352840113037	266.8136715278222	202.49706657437474	199.63592489027775	233.40514396418803	230.1000081961176	268.4171287279222	253.53141856585128	224.88229659647732	242.355472141791	239.65699128242875	253.8917475140189	288.219259588542	227.91520901903425	261.0242628703924	227.40537319001285	324.8708586424258	242.83659797642272

Run Time(in minutes):------------------------------------------------------------------------
Global Time	35.60607187350591
Matching Time	19.09527181784312
Deletion Time	9.177935576438903
Subsumption Time	2.4677347779273986
Selection Time	0.1301506797472636
Evaluation Time	2.6366914947827658

CorrectTrackerSave:------------------------------------------------------------------------
0	1	1	0	1	0	1	0	1	1	0	1	0	1	0	1	1	1	1	1	0	0	1	0	0	1	0	1	0	0	0	0	1	1	1	1	1	0	0	1	1	1	0	1	1	0	0	1	0	1	1	0	0	1	1	1	1	0	0	0	1	1	0	0	0	0	1	1	0	0	0	1	1	0	0	0	1	0	0	0	1	0	1	0	0	0	0	0	1	0	0	1	0	1	1	1	1	1	1	1	1	0	1	0	1	0	1	1	0	0	1	1	0	0	1	0	1	1	1	1	1	1	0	1	0	1	0	1	1	0	0	1	1	0	1	1	1	1	0	0	1	0	1	1	0	1	0	0	0	1	1	1	0	1	0	1	1	1	1	0	0	1	1	1	1	0	1	0	0	1	1	1	1	1	0	1	0	0	0	1	1	0	0	1	1	0	0	1	1	1	0	1	1	1	1	0	1	1	0	1	1	0	0	0	0	1	0	1	1	1	0	1	1	0	1	1	1	0	1	0	0	1	0	0	1	1	1	1	1	1	0	1	0	1	0	1	0	1	1	1	1	1	1	1	1	1	1	0	1	1	1	0	1	1	0	1	1	1	1	1	1	0	1	1	1	1	1	0	1	1	0	1	0	1	1	1	1	1	0	1	1	0	0	1	0	1	1	1	1	1	0	1	1	1	1	1	0	0	0	0	1	0	1	1	1	0	1	1	0	1	0	0	0	0	1	1	1	0	1	1	0	1	1	0	1	0	1	1	0	1	0	1	1	1	1	0	0	1	1	1	1	0	1	1	1	0	1	1	1	0	0	1	1	0	1	1	0	0	1	0	1	1	0	0	0	1	1	1	1	0	1	0	1	0	1	1	0	1	1	0	1	1	0	1	0	0	1	1	1	1	1	1	0	0	1	0	1	1	0	1	1	1	0	1	0	1	1	1	1	0	1	0	0	0	0	0	1	1	1	1	1	0	0	1	1	0	0	1	1	1	1	1	0	0	1	1	1	0	1	0	0	1	1	0	1	1	0	1	0	0	1	1	1	1	0	1	1	1	0	0	1	0	1	1	1	0	1	1	0	1	0	0	0	1	0	1	0	1	0	0	1	1	1	0	1	1	1	1	1	1	1	1	1	1	0	1	0	0	0	0	1	0	1	1	1	0	1	1	0	0	0	1	0	1	1	0	1	1	1	1	1	1	1	0	1	1	0	0	0	0	0	1	1	1	1	1	1	1	0	1	0	1	1	1	0	1	0	1	1	1	0	0	1	1	0	1	1	1	0	1	0	1	0	0	1	1	1	0	0	1	1	0	1	1	1	1	0	0	1	1	1	1	1	1	1	1	1	1	1	1	1	0	1	1	0	0	0	0	1	1	0	0	1	0	1	0	1	1	0	0	0	1	0	0	0	1	0	0	1	0	0	1	0	1	1	1	0	1	0	0	0	0	0	0	0	0	1	0	1	1	0	1	1	0	0	0	1	1	1	1	0	1	1	1	1	1	0	1	0	1	1	0	0	0	1	1	1	1	0	1	1	0	1	1	1	1	1	0	1	0	0	1	0	0	0	1	1	0	0	1	1	1	1	1	1	0	1	1	0	0	1	1	1	1	0	1	1	0	1	1	1	0	0	1	1	1	1	1	1	0	1	1	0	0	0	1	1	1	1	1	1	0	0	0	1	1	0	1	0	0	0	0	0	1	0	1	1	0	0	1	1	1	1	0	0	1	0	1	1	1	0	0	1	0	0	1	1	0	1	0	1	1	0	1	1	1	1	1	0	0	0	1	0	1	1	0	0	1	1	1	0	0	0	0	0	0	1	1	1	1	1	0	0	0	1	1	0	0	0	1	0	1	0	0	1	0	1	1	0	1	0	0	0	1	0	1	0	1	1	1	0	1	1	1	0	0	0	0	1	1	1	1	0	0	0	1	1	0	0	0	0	1	1	1	0	1	1	1	1	1	1	1	1	1	1	0	0	1	1	0	1	1	1	1	1	1	1	1	1	1	0	1	1	1	0	1	1	1	1	1	1	0	1	1	0	1	1	1	1	0	0	1	1	1	1	0	1	0	1	1	0	0	0	0	1	1	1	0	0	1	1	0	0	0	0	0	0	0	1	0	0	1	1	1	0	0	1	1	1	1	1	1	0	0	1	1	1	1	1	1	0	1	1	1	0	0	0	1	1	0	0	1	0	0	1	1	1	0	1	1	1	1	1	1	0	0	0	1	0	1	0	1	1	1	0	0	0	1	0	1	1	0	0	1	0	1	1	1	0	1	1	1	0	0	1	0	1	0	1	0	0	1	1	1	1	1	1	1	1	0	1	1	1	0	1	1	1	1	0	1	1	0	1	0	1	1	0	1	1	1	1	1	1	0	1	0	0	1	1	0	1	0	1	0	0	1	1	1	1	0	1	0	1	0	0	0	0	0	0	1	1	1	0	0	0	1	1	0	0	0	1	1	1	0	1	0	1	1	1	0	0	1	1	1	0	1	0	0	0	1	0	1	1	0	0	1	0	0	1	1	0	1	0	0	1	0	1	0	1	1	1	1	1	1	1	1	1	1	1	1	0	0	1	1	0	1	0	0	0	1	0	1	0	0	1	1	0	1	1	1	1	0	1	1	0	1	0	1	1	0	1	1	1	0	0	1	1	0	1	1	0	1	1	1	0	1	1	0	1	0	1	0	1	0	1	0	1	1	1	0	0	1	1	1	1	1	0	1	0	0	0	1	1	0	1	1	1	1	0	1	0	0	1	0	0	1	1	0	1	0	1	0	1	1	1	0	0	1	1	0	0	1	1	1	0	1	1	1	0	0	0	0	0	1	1	1	0	1	0	1	1	0	1	0	1	1	1	0	0	0	1	1	1	1	0	1	0	1	0	0	1	1	1	1	1	1	1	1	1	1	0	1	1	0	0	1	1	1	1	1	1	0	1	0	0	1	1	0	1	1	1	0	1	0	1	1	0	0	1	0	1	0	0	1	1	1	1	1	1	1	0	1	0	0	0	0	0	1	1	0	1	1	1	1	1	1	0	1	0	0	0	1	0	0	1	0	1	1	0	1	1	1	0	0	1	1	1	1	1	1	1	1	1	1	1	1	0	0	0	0	1	0	0	1	1	0	1	1	0	0	1	1	1	0	1	1	1	1	1	1	0	1	1	0	1	1	1	0	0	1	0	1	1	1	0	0	0	0	1	1	1	0	0	1	0	0	0	0	0	1	0	0	1	1	0	1	1	1	1	1	0	0	1	1	1	0	0	1	0	1	1	1	1	0	0	0	0	1	1	1	0	1	1	1	0	1	1	0	0	1	1	0	1	0	0	0	0	0	0	1	0	1	0	0	0	0	0	1	0	1	1	1	1	0	1	1	1	1	0	0	0	1	0	0	0	1	1	1	1	0	1	1	0	1	1	0	1	1	1	1	0	1	1	1	1	0	1	1	1	0	1	1	1	0	1	1	1	1	1	1	1	1	1	0	1	1	1	1	1	0	0	1	1	1	0	0	0	1	1	0	0	1	1	0	0	0	1	1	0	0	1	0	0	0	1	1	0	1	0	1	1	0	1	0	0	1	1	1	1	0	1	0	0	1	0	0	1	0	1	1	1	0	0	1	1	0	1	0	0	0	0	0	1	0	1	1	0	1	0	1	1	1	1	0	1	1	1	0	1	1	1	0	0	0	1	0	0	1	1	1	1	1	0	1	0	1	0	1	1	1	1	0	0	0	1	1	1	0	0	0	1	1	0	0	1	0	1	0	0	1	0	1	1	0	1	0	1	1	1	0	1	1	1	1	1	0	1	0	0	0	1	0	0	1	0	0	1	1	0	0	1	0	0	0	1	0	0	1	1	1	1	0	1	0	0	1	1	0	0	1	0	0	0	1	1	1	1	0	0	1	1	0	1	1	0	0	1	1	1	1	1	1	1	1	1	1	0	1	0	1	0	1	1	0	1	1	1	0	0	0	1	0	1	1	0	0	0	1	1	1	1	1	0	1	0	1	1	1	0	1	0	1	1	0	1	1	0	1	1	0	0	0	1	1	1	1	0	1	1	1	1	0	1	1	1	1	1	1	0	0	0	0	1	0	1	1	0	1	1	1	1	0	1	1	1	1	0	0	1	0	1	1	1	1	0	1	1	0	0	0	1	1	1	0	1	0	0	1	1	0	1	0	1	1	1	1	1	1	1	1	1	1	0	1	1	0	1	0	0	1	0	1	0	0	0	0	0	1	1	1	0	1	1	0	1	1	1	0	1	1	0	1	1	0	0	1	1	0	0	0	1	1	0	1	0	1	1	1	1	1	1	0	1	1	0	1	1	1	0	0	0	1	0	1	1	1	1	1	1	0	1	1	1	0	0	0	1	0	1	0	1	1	0	1	1	1	1	1	0	0	1	1	1	1	0	0	1	0	0	1	0	1	1	0	1	0	1	0	0	0	1	0	0	1	0	1	1	1	1	0	0	0	0	0	0	1	0	0	1	0	1	1	0	1	1	1	0	1	1	0	0	0	0	1	1	1	1	1	1	1	1	1	1	1	1	1	1	1	0	0	1	0	1	1	0	1	1	0	0	1	1	0	1	1	1	1	1	1	1	1	1	0	1	1	0	0	1	0	0	0	1	0	1	1	1	1	1	0	1	0	1	0	1	1	1	1	1	0	1	1	1	0	1	0	0	0	0	1	0	0	1	0	1	0	1	0	1	1	0	1	1	0	0	0	1	1	0	1	0	0	0	1	0	1	0	0	1	1	1	0	1	0	1	0	1	1	1	0	1	0	1	0	0	1	1	1	0	1	1	1	0	1	0	0	1	0	1	1	1	0	1	1	0	0	0	1	1	0	0	0	0	1	1	1	0	1	0	1	0	1	0	0	0	1	1	1	1	0	1	1	0	1	0	1	0	1	1	1	0	0	1	1	1	0	1	1	1	0	1	0	0	0	0	0	1	0	0	0	1	0	0	0	0	0	0	0	1	0	0	0	1	1	0	1	1	0	0	0	0	1	1	1	1	1	0	1	0	0	0	1	0	1	1	0	0	1	0	1	1	0	1	1	1	0	1	0	1	1	0	1	1	1	0	1	0	0	1	0	0	0	1	1	1	0	1	1	1	0	1	0	1	1	1	0	1	0	1	1	1	1	0	0	1	1	1	1	0	1	0	0	1	0	1	1	0	1	0	1	0	0	1	1	1	0	0	1	0	1	1	1	0	1	0	0	0	1	0	1	0	1	1	1	0	1	0	1	1	1	1	1	0	0	1	1	1	0	1	0	1	1	1	1	0	0	1	0	1	1	1	1	1	0	1	0	1	1	1	1	0	0	0	1	1	1	1	0	0	1	1	1	1	1	0	0	1	1	1	0	1	1	1	0	1	1	1	1	1	0	0	0	0	1	0	1	0	1	1	0	0	1	1	1	0	1	0	0	1	1	1	1	1	0	1	1	0	0	0	0	1	1	1	1	1	1	1	0	0	1	1	0	0	0	1	1	1	1	1	0	0	1	0	0	0	1	1	1	1	1	0	0	1	1	1	1	0	1	0	1	1	1	1	1	1	0	1	1	1	0	1	1	1	0	1	0	0	0	0	1	1	0	1	0	0	1	1	1	1	0	1	0	1	1	1	1	0	1	1	1	1	0	0	1	1	0	1	1	0	1	1	1	1	1	1	1	0	1	0	0	1	1	0	0	1	1	0	1	1	1	0	0	0	1	1	1	1	1	1	1	1	0	1	0	0	0	1	1	1	1	1	0	1	1	1	0	1	1	1	0	0	1	0	0	1	1	1	1	0	0	1	1	1	1	0	0	1	1	0	1	1	1	0	1	1	0	1	1	1	0	0	0	1	0	0	1	0	1	0	0	0	1	1	1	1	1	0	0	1	0	0	0	0	0	0	1	1	1	1	1	1	1	1	1	1	0	1	0	1	0	0	1	0	0	0	1	0	0	1	1	1	0	1	1	0	1	0	1	1	1	1	0	0	1	0	1	1	1	1	1	0	1	1	1	0	0	1	1	1	0	0	1	0	1	0	0	0	1	1	1	1	1	1	1	1	0	0	1	0	1	1	0	1	1	1	0	1	1	1	0	1	1	0	1	1	0	1	0	1	1	1	1	1	1	0	0	1	1	0	1	1	0	1	0	0	1	0	0	1	0	1	1	1	1	0	1	1	0	1	1	1	1	0	0	0	0	1	1	1	0	1	0	0	1	1	0	0	0	1	0	1	1	1	0	0	1	1	1	1	1	1	0	1	0	0	1	1	1	1	0	1	1	1	1	1	1	1	0	1	0	1	0	1	1	0	0	0	1	0	1	0	0	1	1	0	1	1	1	1	1	1	1	1	1	0	1	1	1	1	1	1	1	0	1	1	1	1	0	1	0	1	0	1	1	1	1	1	0	1	1	0	1	1	1	1	0	1	1	0	1	0	0	1	1	0	1	1	1	1	0	0	0	1	0	0	1	0	0	0	0	1	0	1	1	0	1	1	0	0	0	0	1	0	1	0	1	1	0	1	1	1	1	0	0	0	0	1	0	0	1	1	1	0	1	1	1	0	1	0	0	0	1	1	0	1	1	0	1	1	1	1	0	1	1	0	1	1	0	1	1	0	0	0	1	1	1	1	1	0	1	1	1	0	0	1	0	0	1	1	0	1	1	0	0	0	1	1	1	1	0	0	1	0	0	0	0	0	1	0	0	1	1	0	1	0	1	0	1	0	1	1	0	1	1	1	0	1	1	0	0	0	0	1	1	1	1	1	0	1	0	1	1	1	0	1	1	1	0	1	1	0	0	1	1	0	1	1	1	0	1	0	1	0	1	0	1	0	0	1	0	1	1	1	1	1	0	1	0	0	1	1	1	1	1	1	0	0	0	0	1	0	1	1	1	1	1	0	0	0	0	1	1	1	0	0	0	1	0	0	1	1	1	1	0	0	1	0	1	1	1	1	1	1	1	0	1	1	1	1	0	0	1	0	1	1	1	1	1	1	1	1	0	1	1	0	1	1	1	0	1	1	0	1	1	1	1	1	0	0	1	0	1	0	1	1	0	0	1	1	0	0	1	0	0	1	0	0	1	0	1	1	0	0	1	1	1	1	0	0	1	1	1	1	0	1	0	1	1	1	1	1	0	1	1	1	0	0	1	0	0	1	1	0	0	1	0	1	0	0	0	1	0	0	1	1	0	0	0	1	0	1	0	1	0	0	1	1	0	1	0	1	1	1	0	1	1	1	1	1	1	1	0	0	1	1	0	0	0	1	1	1	1	1	1	0	0	0	0	1	0	1	0	1	1	0	1	0	1	0	0	1	0	1	0	0	0	1	0	1	1	0	1	0	1	1	1	0	0	1	1	0	1	1	1	1	1	1	1	1	1	1	0	1	0	0	0	0	1	1	1	0	1	1	0	1	0	0	1	1	0	1	1	1	1	1	1	1	1	1	0	0	1	1	1	0	0	1	0	0	0	1	1	0	0	1	1	0	0	0	0	1	1	1	1	1	0	1	0	1	1	1	1	1	1	1	1	1	1	1	1	1	0	0	1	1	1	0	1	0	0	0	0	1	0	0	0	0	1	0	0	1	1	1	1	1	1	0	1	1	0	1	1	1	1	0	1	1	1	1	1	1	0	0	0	1	1	0	1	1	1	0	1	1	1	1	0	1	1	1	0	1	0	0	1	1	0	1	1	1	0	1	0	1	0	1	1	1	0	1	1	0	1	1	0	1	1	1	1	1	0	1	0	1	1	0	1	0	1	1	0	1	1	1	1	1	0	1	0	1	0	1	0	1	1	1	1	1	1	0	1	0	1	1	0	1	0	0	0	0	1	1	1	1	1	0	0	0	1	1	0	1	1	1	1	0	1	0	1	1	1	1	0	1	1	0	1	1	1	1	0	0	0	0	1	0	0	1	0	0	1	0	0	1	1	0	1	1	1	0	0	1	1	0	1	0	1	1	0	1	1	1	0	0	1	0	1	1	1	1	1	0	1	1	0	1	0	1	0	0	1	1	0	0	1	1	0	0	1	0	0	1	0	0	0	0	1	1	0	0	0	1	0	1	0	1	1	1	0	0	1	0	0	1	1	1	0	0	0	0	1	1	1	1	1	1	1	1	1	0	1	0	1	1	1	0	1	1	1	1	1	0	0	1	1	0	1	1	0	0	1	1	1	0	1	1	0	0	1	1	0	0	1	1	1	0	1	0	0	0	1	1	0	0	1	0	0	1	0	0	1	1	0	1	0	1	1	1	1	1	1	1	1	0	1	0	0	1	0	1	1	0	0	0	1	1	0	1	0	0	1	1	0	1	0	0	1	1	0	1	1	1	0	0	1	0	1	1	1	1	1	0	1	1	0	1	0	1	1	0	0	0	0	0	0	1	1	0	0	0	0	1	1	1	1	0	0	0	1	1	0	0	1	1	1	0	0	1	0	0	1	1	1	0	0	1	0	0	0	1	0	1	1	0	1	1	0	1	0	1	0	1	1	1	0	1	1	1	1	1	1	1	1	0	0	1	1	0	0	1	0	0	1	1	1	1	0	1	1	0	0	1	1	1	0	0	0	0	0	1	1	0	0	1	1	1	0	0	1	1	1	1	1	1	1	0	1	1	0	0	1	0	1	1	1	1	1	1	0	1	0	1	1	0	1	1	0	1	1	1	1	0	1	1	1	1	1	1	1	0	1	1	0	0	1	1	0	1	1	0	1	0	0	0	1	1	1	1	1	1	0	0	0	1	0	1	1	0	0	0	1	1	1	1	1	1	1	1	1	0	0	0	1	0	0	1	1	0	0	1	1	1	1	0	1	1	1	0	1	1	1	0	1	1	1	0	1	1	1	0	1	1	1	1	1	1	1	0	1	1	1	1	1	1	1	1	0	1	0	0	1	1	0	1	0	0	0	1	1	0	1	0	1	1	0	1	1	1	1	0	1	1	0	0	0	0	0	1	0	1	1	0	1	1	0	1	1	0	1	0	1	0	1	1	0	1	1	1	0	0	1	0	1	0	1	1	1	1	0	1	1	1	1	1	0	0	1	1	0	1	1	1	1	0	1	0	1	0	1	1	0	1	1	1	0	1	1	0	1	1	1	1	1	0	1	0	0	0	1	1	0	1	1	1	1	0	1	1	0	1	1	1	0	1	1	1	1	1	0	0	0	1	0	1	1	1	1	1	1	1	1	0	1	0	1	0	1	0	1	1	1	1	0	0	1	1	1	1	1	1	1	0	1	1	1	0	1	0	0	1	1	1	1	1	1	1	1	0	1	0	1	1	1	1	1	0	1	1	1	1	1	1	1	1	0	1	1	0	1	1	1	0	0	1	1	1	1	1	1	1	0	1	1	1	1	0	0	1	0	1	0	0	1	1	0	0	1	0	1	1	1	0	0	1	1	1	1	1	0	1	1	1	0	1	1	1	0	1	1	1	1	1	0	0	0	1	1	1	1	1	1	1	1	1	1	0	1	0	0	1	0	0	0	0	1	1	0	0	1	0	0	1	0	0	0	1	1	1	1	0	1	1	0	1	1	1	1	1	1	1	1	0	1	1	0	0	0	1	1	1	1	0	0	0	1	0	0	1	1	1	1	0	1	0	1	1	0	1	0	0	1	0	1	1	1	1	1	1	0	1	0	1	0	0	1	0	1	1	1	0	0	0	0	0	1	0	1	1	1	1	1	1	1	0	1	0	1	1	1	0	1	1	0	1	0	0	1	1	1	1	1	1	1	0	0	1	1	1	0	0	0	0	1	1	1	1	1	1	1	1	1	1	1	0	1	0	1	1	1	1	0	1	0	0	1	0	1	1	0	1	0	0	1	0	1	1	1	1	1	0	0	1	1	1	1	1	0	1	1	0	0	1	0	0	1	0	1	0	1	1	1	1	0	0	0	0	1	0	1	0	0	1	0	1	0	1	0	0	1	0	1	1	0	0	1	0	1	0	1	1	1	0	0	0	1	1	1	1	0	1	0	1	1	0	1	0	0	1	1	1	0	0	1	1	0	1	1	0	1	0	0	0	1	1	0	0	1	1	1	1	1	0	1	1	1	0	0	1	1	0	1	1	1	0	0	1	1	1	1	1	1	0	0	1	1	0	0	1	0	1	1	1	1	0	0	1	0	1	0	0	1	0	1	1	0	1	0	0	1	0	1	0	1	0	1	0	0	1	1	1	0	1	1	0	0	0	1	1	0	1	1	0	1	1	1	1	0	0	1	1	1	0	1	1	1	0	1	1	0	1	1	0	0	0	0	1	1	0	0	1	1	0	1	1	1	0	1	0	1	0	1	0	0	1	1	0	1	1	1	1	0	0	1	0	1	0	1	1	1	1	0	1	1	1	1	0	1	1	0	1	1	0	1	0	1	1	0	1	1	0	0	1	1	1	0	1	1	1	0	1	0	0	1	0	0	1	1	1	1	1	0	0	0	0	1	1	1	1	0	1	1	1	1	1	1	0	1	0	1	1	1	0	0	1	1	0	1	1	1	1	0	0	0	0	0	1	1	1	0	1	1	0	1	1	1	0	0	0	1	0	0	1	0	0	1	1	1	0	0	1	1	1	1	1	1	1	0	1	0	1	0	0	1	