Performance Statistics:------------------------------------------------------------------------
Training Accuracy	Testing Accuracy	Training Coverage	Testing Coverage
0.5262964978504044	NA	0.9965811965811966	NA

Population Characterization:------------------------------------------------------------------------
MacroPopSize	MicroPopSize	Generality
993	1000	0.6412999999999999

SpecificitySum:------------------------------------------------------------------------
A_0	A_1	A_2	A_3	A_4	A_5	A_6	A_7	A_8	A_9	A_10	A_11	A_12	A_13	A_14	A_15	A_16	A_17	A_18	A_19	A_20	A_21	A_22	A_23	A_24	A_25	A_26	A_27	A_28	A_29	A_30	A_31	A_32	A_33	A_34	A_35	A_36	A_37	A_38	A_39	A_40	A_41	A_42	A_43	A_44	A_45	A_46	A_47	A_48	A_49	A_50	A_51	A_52	A_53	A_54	A_55	A_56	A_57	A_58	A_59	A_60	A_61	A_62	A_63	A_64	A_65	A_66	A_67	A_68	A_69	A_70	A_71	A_72	A_73	A_74	A_75	A_76	A_77	A_78	A_79
398	371	411	340	430	372	372	363	421	309	358	381	411	373	369	342	340	363	427	354	345	364	304	438	401	370	302	297	387	347	422	275	313	293	348	285	360	330	358	378	298	348	331	404	346	328	302	406	347	370	389	374	361	322	366	345	303	309	312	437	393	387	359	328	403	389	382	285	365	342	333	330	408	326	374	335	415	266	455	401

AccuracySum:------------------------------------------------------------------------
A_0	A_1	A_2	A_3	A_4	A_5	A_6	A_7	A_8	A_9	A_10	A_11	A_12	A_13	A_14	A_15	A_16	A_17	A_18	A_19	A_20	A_21	A_22	A_23	A_24	A_25	A_26	A_27	A_28	A_29	A_30	A_31	A_32	A_33	A_34	A_35	A_36	A_37	A_38	A_39	A_40	A_41	A_42	A_43	A_44	A_45	A_46	A_47	A_48	A_49	A_50	A_51	A_52	A_53	A_54	A_55	A_56	A_57	A_58	A_59	A_60	A_61	A_62	A_63	A_64	A_65	A_66	A_67	A_68	A_69	A_70	A_71	A_72	A_73	A_74	A_75	A_76	A_77	A_78	A_79
284.01850195160165	255.0508243080812	269.17747402634916	240.37931036500098	291.0926646803541	251.94757461360444	251.82646295180155	255.4578868139133	281.4207802367983	206.05092839429173	243.92078353397432	259.35534199346614	271.82044150132936	244.13249832332454	226.16578143158458	239.72900297083507	239.2279196897822	239.33596166648346	283.23042474981327	246.53622652442198	235.14505435348545	242.12194043571998	200.23408438171109	295.02478443179115	260.29608170981504	243.36191782046185	206.1960838606498	197.67370934023558	257.4407760967191	226.50264870011537	271.350363266674	172.3018801779142	218.88646937277863	175.98450507436812	229.8510130795653	191.42691646525844	236.97415440853806	210.09453933958073	244.09961812759366	258.6936228991285	201.46746987103032	242.97076124409134	226.47152406808073	277.34441643478124	216.76165600479487	217.48584168156793	204.1723407544318	265.02026512192134	235.5385749906853	233.88443481056984	253.605825974818	263.1494778367181	239.8788687716685	220.3945580805091	255.668896526449	234.5409514377651	191.8205053659508	208.76951924468668	203.5693243284082	287.82170054041063	263.44138831922965	259.7502106027808	248.52137792167065	240.53587905210176	264.49430719936345	270.61243612731516	248.82435191674276	209.54306230609984	259.85139613630884	225.6064295391941	218.10370856343718	224.6874225076124	268.751270604565	222.9801424701218	262.8322322969441	219.4727051818787	274.5623184048798	175.7992699785572	306.41066379539296	285.29347281243207

Run Time(in minutes):------------------------------------------------------------------------
Global Time	49.629155067602795
Matching Time	26.85240807533264
Deletion Time	12.969570378462473
Subsumption Time	3.4814751784006757
Selection Time	0.18348887364069622
Evaluation Time	3.180523153146108

CorrectTrackerSave:------------------------------------------------------------------------
0	1	0	0	1	0	0	0	0	1	0	0	0	0	0	1	1	1	1	0	1	0	1	0	0	0	1	1	0	1	1	0	1	1	1	1	1	1	1	0	1	1	0	0	1	0	0	0	0	1	1	1	1	1	1	1	1	0	0	0	1	0	1	1	1	0	1	0	0	0	0	1	1	0	0	0	1	0	0	0	1	1	1	0	1	1	1	1	1	0	0	1	1	1	1	0	1	1	1	1	1	0	0	0	1	0	1	0	0	1	1	1	0	1	1	0	1	1	0	1	1	0	1	1	1	0	0	0	1	0	0	1	1	1	0	1	1	0	1	1	1	0	1	1	0	1	1	0	0	1	1	1	0	1	1	1	0	0	0	0	0	1	1	1	1	0	1	0	0	1	0	1	1	1	0	1	0	0	0	1	0	0	0	1	1	1	0	1	1	1	0	0	1	1	1	1	1	0	1	1	1	0	0	1	0	0	0	1	0	1	0	1	1	1	1	1	1	0	1	0	0	1	1	1	1	1	1	1	1	1	0	0	0	1	0	1	1	1	1	1	1	1	1	1	0	1	1	1	0	0	1	0	1	0	0	1	1	1	0	1	1	0	1	1	1	0	1	0	1	0	0	0	1	1	0	1	1	1	1	1	1	0	0	1	0	1	1	0	1	1	0	1	1	1	1	1	0	0	0	0	1	0	1	1	1	0	0	1	0	0	1	0	0	1	1	1	1	0	1	1	1	1	1	1	0	0	1	1	0	0	0	1	0	1	1	0	1	1	0	1	1	1	0	1	0	0	0	1	1	0	0	1	1	0	1	1	1	0	1	0	1	1	0	1	1	1	1	1	0	1	1	1	1	1	0	1	1	1	1	1	0	1	0	1	0	1	1	1	1	0	1	1	0	0	1	1	0	1	0	1	1	1	1	1	0	1	1	0	1	1	1	0	0	0	0	0	1	1	0	0	1	0	0	0	1	0	0	1	0	1	1	1	1	1	1	1	1	1	0	0	0	1	1	0	0	1	1	1	1	0	1	1	1	1	0	0	0	0	1	0	1	0	0	1	1	0	1	1	1	1	0	0	0	0	1	1	1	1	0	0	1	1	1	0	1	1	1	1	1	1	1	1	1	1	1	1	1	1	0	0	1	0	1	0	0	1	1	1	0	0	0	1	0	0	1	0	1	1	1	1	0	1	0	0	0	1	0	0	0	1	0	0	1	1	1	1	0	1	0	1	0	1	0	1	1	0	1	1	1	1	0	0	1	1	0	0	1	1	0	1	1	0	0	0	0	1	0	0	0	1	1	1	1	1	0	1	1	0	1	1	1	1	0	1	1	0	1	1	1	1	1	0	1	1	0	1	1	0	1	1	0	0	1	0	1	1	0	1	0	0	0	1	1	1	0	1	1	0	0	0	0	1	0	0	1	1	0	1	0	0	1	0	0	0	0	0	1	0	1	1	0	0	0	0	0	0	1	1	1	1	0	1	1	0	1	0	0	1	0	1	0	0	0	0	1	1	1	0	0	1	1	0	1	1	1	1	1	0	1	1	0	1	1	1	0	1	1	0	1	0	1	1	1	1	1	0	1	1	0	1	1	1	0	0	1	1	1	0	0	1	1	0	0	1	1	1	1	1	1	0	1	1	0	0	0	1	1	1	1	1	1	0	0	1	1	1	0	1	0	0	0	1	0	1	0	1	1	0	0	1	1	1	1	0	0	1	0	0	1	1	0	0	0	0	1	1	1	0	0	1	0	1	0	0	0	1	1	0	1	0	0	1	0	1	0	1	0	0	1	0	1	0	1	1	0	0	0	0	1	0	1	1	0	1	1	0	0	1	0	1	1	1	1	0	1	0	0	1	1	1	0	0	0	0	0	1	0	1	1	1	0	0	0	0	0	0	1	0	1	1	1	0	1	1	0	1	1	0	1	0	0	0	1	1	0	1	0	0	1	1	1	1	0	0	1	0	0	1	1	1	1	1	1	1	1	1	1	1	1	1	0	1	1	0	1	0	1	0	1	0	1	1	1	1	0	1	1	1	0	1	0	1	0	1	1	0	0	0	1	1	0	0	1	0	1	1	1	0	1	1	1	0	1	0	0	0	0	0	1	0	0	0	0	1	0	1	1	1	0	1	0	1	0	0	1	0	1	1	1	0	1	1	1	0	0	1	0	1	1	1	1	1	0	0	1	1	1	1	1	1	1	1	1	1	0	0	0	1	0	1	0	1	1	1	0	0	1	1	1	1	1	1	1	1	0	1	1	1	0	1	1	0	0	0	0	0	0	0	0	0	0	1	0	0	0	1	0	1	1	1	0	1	1	0	0	1	1	1	0	1	1	1	1	0	0	1	1	1	1	1	1	0	1	1	0	1	0	1	1	0	1	0	1	0	0	1	1	1	1	0	1	0	0	0	1	1	1	0	0	1	1	1	1	0	1	1	0	0	1	1	1	1	1	1	1	1	1	0	1	0	1	1	1	1	0	1	1	1	0	1	0	1	1	0	0	1	0	0	0	1	0	1	0	1	1	1	0	1	0	1	0	1	1	0	0	1	1	1	1	0	0	0	1	1	0	1	0	0	0	0	0	0	0	0	1	1	1	1	0	1	1	0	1	1	0	1	0	1	1	0	1	1	1	1	0	1	1	1	0	1	1	1	0	0	0	1	0	0	1	0	1	1	1	0	1	0	1	1	1	1	1	0	1	1	0	1	0	0	0	0	0	1	0	0	1	0	1	1	0	1	0	0	1	0	1	1	0	0	1	1	1	0	1	1	1	0	0	1	1	1	0	1	1	1	0	1	1	1	0	1	1	0	1	0	1	1	0	1	0	0	1	0	0	0	1	1	0	0	0	0	1	0	1	0	0	0	1	1	0	1	1	0	1	1	1	1	0	1	1	0	1	1	1	0	0	1	1	1	0	0	1	1	1	1	0	1	1	0	1	1	0	0	1	1	1	1	1	0	0	1	1	1	0	0	1	1	0	0	1	1	0	1	0	0	1	0	1	0	1	1	1	1	1	1	1	1	1	1	0	0	0	1	0	0	1	0	1	1	1	1	1	1	0	0	1	0	1	1	1	1	1	1	1	1	0	0	0	1	1	1	0	1	1	1	1	0	1	1	1	0	0	0	1	0	1	1	1	1	1	1	0	1	1	0	1	1	1	0	0	0	0	1	1	0	1	0	0	1	1	1	0	0	0	1	0	0	0	0	0	1	0	0	1	1	1	1	1	1	1	1	1	0	1	1	1	0	0	1	1	1	1	1	1	0	0	0	0	1	1	1	1	1	1	1	0	0	0	1	0	0	1	0	0	0	0	0	0	0	1	1	1	0	0	0	1	0	0	0	1	0	0	1	1	0	1	1	0	1	0	1	1	1	0	1	0	0	1	1	1	0	1	1	1	1	0	0	1	1	1	0	0	1	1	1	1	1	1	1	1	1	1	1	1	0	1	1	1	0	1	1	1	1	1	1	1	1	1	1	1	0	1	0	1	1	0	0	0	1	1	0	0	1	1	0	0	0	1	1	1	1	0	0	0	0	0	1	0	1	1	0	1	0	1	0	0	1	1	1	0	1	0	0	0	1	0	0	1	1	0	1	1	1	0	1	1	0	0	0	0	0	0	1	0	0	0	0	0	1	1	1	0	1	0	0	1	0	1	0	0	1	1	0	1	0	1	0	0	1	1	1	0	1	1	0	1	1	0	1	0	1	1	0	1	0	0	1	1	0	0	0	1	1	1	1	1	0	0	1	1	0	0	1	1	0	1	1	0	1	1	0	0	1	0	1	1	1	1	1	1	0	1	1	1	1	0	0	1	1	0	0	1	1	0	1	1	0	1	1	1	1	1	1	1	0	0	1	0	0	0	1	0	1	0	0	1	0	1	0	0	1	0	0	1	1	1	0	1	1	1	1	1	0	1	1	0	1	0	1	0	1	0	1	1	1	1	1	1	1	1	0	1	0	0	1	0	1	0	1	1	0	0	1	1	0	0	1	1	1	0	1	0	1	0	0	1	1	0	1	0	0	0	1	0	1	0	1	0	1	1	1	0	0	0	1	1	0	1	1	0	0	0	1	1	0	1	1	1	1	1	1	0	0	1	1	1	1	0	0	1	0	1	0	1	1	1	1	1	1	0	0	1	1	1	1	0	0	0	1	1	0	1	1	1	1	1	0	1	1	1	1	1	1	0	1	0	0	1	0	0	1	0	1	1	0	0	0	0	0	1	1	1	1	1	0	1	1	0	0	1	1	0	1	1	1	0	0	1	1	0	0	1	0	1	0	0	1	1	1	0	1	1	0	1	1	0	1	1	1	1	0	0	1	0	1	1	1	0	1	1	0	1	1	1	0	0	0	0	0	1	0	1	1	0	1	1	1	1	1	1	1	1	1	1	1	0	1	1	0	0	1	1	1	0	0	0	0	1	1	0	1	1	1	0	1	0	1	0	1	1	1	0	0	1	0	0	1	0	0	1	0	1	1	1	1	1	1	0	1	1	1	1	0	0	0	1	0	1	1	1	1	0	1	1	1	1	1	1	1	1	0	1	1	1	1	1	0	1	0	0	1	1	0	0	0	1	0	1	1	0	1	1	0	1	0	1	0	1	0	1	1	1	0	1	1	1	1	1	0	1	1	1	1	1	1	1	1	1	0	0	1	1	0	1	1	0	1	0	1	1	1	1	1	1	0	1	0	1	1	0	1	1	0	1	0	0	0	0	1	0	1	0	1	1	1	1	1	1	1	1	0	1	1	1	1	1	1	0	0	1	0	1	0	1	1	1	1	0	0	1	1	0	0	0	0	1	0	1	1	1	1	1	1	0	1	0	0	1	1	0	0	1	0	1	1	1	1	0	1	0	1	0	0	0	1	1	0	1	0	1	1	0	1	0	1	1	1	1	1	0	1	1	0	1	1	1	1	1	0	0	1	0	0	1	0	1	0	0	0	1	0	0	1	1	0	0	0	0	1	0	0	1	0	0	1	1	0	0	1	0	1	1	1	1	1	0	0	0	1	0	1	1	1	1	1	0	1	1	1	1	0	1	1	1	0	0	0	1	1	0	1	1	1	1	0	1	1	1	1	0	0	0	1	1	1	1	1	0	0	1	0	1	1	0	0	1	1	1	0	0	0	1	0	1	1	0	1	0	1	1	0	0	0	1	0	1	1	1	1	0	0	1	1	1	0	1	1	0	1	1	0	0	1	1	1	1	1	1	1	0	1	1	1	1	0	0	1	0	1	0	0	0	1	1	0	1	1	1	0	1	1	1	1	0	0	0	0	1	1	1	0	1	0	1	0	0	0	0	1	1	1	0	1	1	1	1	0	0	1	1	0	1	0	0	1	1	1	0	0	0	1	1	1	1	1	1	1	0	0	0	0	0	1	0	0	0	0	0	0	0	1	1	0	1	1	0	0	1	1	1	1	1	0	0	0	0	0	0	1	1	0	0	1	1	0	1	0	0	0	1	0	1	0	1	1	0	1	1	0	0	1	1	0	0	1	0	1	0	0	0	0	1	1	0	1	1	1	1	1	1	1	1	1	1	0	1	0	0	0	1	1	0	0	1	0	1	0	0	1	1	0	1	1	0	1	1	0	1	0	0	1	0	1	1	1	1	1	0	1	0	0	0	0	1	1	1	0	0	1	0	0	1	1	1	1	0	1	1	0	1	1	0	0	1	1	0	1	1	1	0	1	1	1	1	1	1	1	0	0	0	0	0	0	0	1	1	0	1	1	1	0	0	1	1	0	1	0	1	0	0	0	0	0	0	1	1	1	0	0	1	1	0	0	0	0	0	1	0	1	1	1	0	1	1	0	1	1	1	1	0	0	1	0	0	1	0	1	1	1	0	1	0	1	1	0	1	0	1	0	0	0	0	0	0	1	1	0	1	1	1	0	1	1	1	0	0	0	1	0	0	1	0	0	0	1	1	1	1	1	1	1	1	1	0	1	0	0	1	1	0	0	0	0	1	1	0	0	1	1	0	0	0	1	0	1	0	1	1	0	1	0	0	0	0	0	1	1	0	1	1	1	0	1	1	0	1	1	0	0	1	1	0	0	1	0	1	1	1	1	1	1	1	1	1	0	0	1	0	1	1	1	0	1	1	0	1	0	0	1	1	0	1	0	1	1	1	1	1	0	1	0	1	1	0	1	1	1	1	1	1	1	1	0	0	1	1	0	1	0	1	0	0	1	1	0	0	0	1	0	1	0	0	1	0	1	1	0	0	0	1	0	1	1	0	1	0	1	1	0	0	1	1	0	1	1	0	1	1	0	1	0	1	1	0	0	0	1	0	1	0	1	1	1	1	1	1	1	1	1	1	1	1	0	0	0	1	0	1	1	0	1	0	1	0	1	1	0	1	0	0	1	1	1	1	1	1	0	1	1	0	1	1	0	0	1	1	1	0	1	1	1	1	1	0	1	0	1	1	0	0	1	1	0	0	1	1	0	0	0	1	0	1	1	0	1	1	0	1	1	0	1	0	0	0	0	0	0	1	0	0	1	0	0	0	0	1	0	0	0	1	0	0	1	0	0	1	1	1	0	0	0	1	0	0	1	1	1	1	1	1	0	1	0	0	1	1	1	1	1	0	0	0	1	0	1	1	1	0	1	1	0	1	0	1	1	0	1	1	0	1	0	0	1	0	1	1	0	1	0	1	1	1	1	0	0	1	1	1	0	1	1	0	0	0	0	0	1	0	1	1	1	1	1	1	0	1	1	0	0	1	0	1	1	1	1	1	0	1	0	1	1	1	0	1	1	0	1	1	1	0	1	0	1	1	1	1	1	1	1	0	0	1	0	0	1	0	1	1	0	0	1	1	1	1	1	1	0	1	1	0	1	1	0	1	0	0	0	1	1	0	0	1	0	1	1	0	1	1	0	1	1	0	0	1	0	0	0	0	1	1	1	1	0	0	1	0	1	0	0	1	1	1	1	1	1	1	1	1	1	0	1	0	1	1	1	1	1	1	0	1	1	1	0	1	0	1	0	0	1	1	0	0	1	1	1	1	1	0	1	0	1	1	1	1	0	0	1	1	0	1	1	0	0	1	0	0	1	0	1	1	0	0	1	1	1	1	1	0	1	0	0	1	1	1	0	0	1	1	1	1	0	1	1	1	1	0	1	0	0	1	1	0	0	1	0	0	1	0	1	1	1	0	1	0	1	0	0	0	1	0	1	1	0	0	1	0	1	1	0	0	1	1	0	1	0	1	1	1	0	1	0	1	1	1	1	0	0	1	1	1	1	1	0	0	0	1	0	1	0	1	0	1	1	0	1	1	0	1	1	0	0	1	0	0	0	1	0	0	1	1	0	0	0	1	1	1	1	1	0	1	1	1	1	1	1	1	1	0	1	0	0	0	0	0	1	1	1	1	0	0	1	1	0	1	1	0	0	1	1	1	1	1	1	1	1	1	1	1	0	0	1	1	1	1	0	1	0	0	0	0	1	0	1	1	1	1	0	0	0	1	1	1	1	1	0	1	0	1	1	1	1	1	1	1	1	1	1	1	1	1	0	0	1	1	1	1	1	0	1	1	0	1	1	1	1	0	0	1	0	1	0	1	1	1	1	0	1	0	0	1	1	0	1	0	1	1	1	1	1	0	0	1	1	1	1	0	1	1	0	0	0	0	1	1	1	1	1	1	1	1	0	0	1	0	1	0	0	1	0	1	0	0	0	1	1	1	1	1	1	0	1	1	0	0	1	1	1	1	0	1	0	1	0	0	1	0	1	1	0	1	0	0	1	1	0	1	0	1	0	1	0	1	0	1	1	1	1	1	1	0	1	1	0	0	0	1	1	0	1	0	1	1	1	0	0	0	1	0	0	1	1	1	1	1	1	0	1	1	1	1	0	1	1	1	1	1	1	1	0	0	1	1	0	0	0	1	1	0	0	0	1	1	1	0	0	1	1	1	1	1	1	0	1	0	1	1	0	1	1	1	1	0	1	0	1	1	1	1	0	0	0	1	0	1	0	1	1	1	1	1	0	0	1	1	0	0	1	1	0	1	0	0	1	0	1	1	0	0	0	0	0	0	0	0	1	1	0	0	1	0	0	0	1	0	0	0	1	0	0	0	1	1	1	1	1	1	0	0	0	0	0	0	0	0	1	1	1	1	1	0	0	1	1	0	0	1	0	0	1	1	1	1	1	1	0	0	0	1	0	0	1	1	1	0	0	1	0	0	1	1	0	1	1	0	1	1	0	1	1	1	1	1	0	1	0	1	1	1	1	0	1	0	1	0	1	0	1	0	1	0	0	0	0	1	0	1	0	0	1	1	1	1	0	1	1	1	0	1	1	1	1	0	0	1	1	0	1	1	1	0	1	1	1	1	1	1	1	0	1	1	0	0	1	1	1	0	0	1	1	1	0	1	1	1	0	0	1	1	0	0	0	1	1	0	1	1	1	0	1	1	1	1	0	1	0	0	0	1	0	0	1	0	1	1	0	1	1	0	0	1	0	1	0	1	1	1	1	1	0	1	1	0	1	1	1	0	1	1	0	1	0	1	1	1	0	1	0	0	0	1	1	1	0	0	0	1	0	1	1	0	1	0	1	1	0	0	1	0	1	1	1	1	1	1	1	0	0	0	1	0	1	1	1	0	0	0	1	1	0	1	0	0	1	0	1	1	0	0	1	1	1	1	1	1	1	1	1	0	1	0	0	1	0	1	0	1	1	0	1	0	1	1	1	0	1	1	1	1	1	0	0	1	0	0	1	1	0	1	0	1	0	1	1	1	0	0	1	0	0	1	1	0	0	1	1	0	0	1	0	1	1	1	0	1	1	1	0	0	1	0	1	1	0	0	1	1	1	0	1	0	1	1	1	1	0	1	1	1	1	0	0	0	0	1	0	1	0	0	1	1	0	1	0	0	0	0	1	1	1	1	1	0	0	1	0	1	0	0	1	0	0	1	1	1	0	1	0	1	1	1	0	1	0	1	0	1	1	1	1	0	1	1	0	1	1	0	1	0	1	1	1	0	1	1	1	0	1	1	1	1	1	1	0	1	1	1	0	1	1	1	1	0	1	0	1	0	1	1	1	1	0	1	1	1	0	0	1	1	1	1	1	0	1	0	0	1	1	1	0	1	0	0	1	0	0	0	0	1	0	1	0	0	1	1	1	0	1	0	0	1	1	1	0	1	0	1	1	1	1	0	0	0	1	0	1	0	1	0	1	1	1	0	1	1	0	1	1	1	0	0	1	1	0	0	1	1	0	1	0	1	1	1	0	1	1	0	0	1	1	1	0	1	1	0	1	1	0	0	1	1	0	1	0	1	0	1	1	1	1	0	1	1	1	1	1	1	1	1	0	1	1	0	0	1	0	0	0	0	1	0	0	0	0	0	1	0	1	1	1	0	0	1	0	0	1	1	1	1	1	1	1	1	1	1	0	1	1	1	0	1	0	0	0	0	0	1	0	1	1	1	1	0	1	0	1	0	0	1	1	0	1	0	0	0	0	1	1	0	1	0	0	0	1	1	1	0	0	1	0	1	0	1	1	1	1	1	1	1	1	0	1	1	0	1	0	1	1	1	1	1	1	0	0	0	0	1	1	0	1	1	1	0	1	1	0	0	0	1	1	1	0	0	0	1	1	1	1	1	0	1	0	1	1	0	1	1	1	0	0	0	0	0	1	1	1	1	1	1	1	1	0	1	1	0	1	1	1	0	1	0	1	0	1	0	1	0	0	1	1	1	1	0	0	0	0	1	0	1	0	0	1	1	1	1	0	1	0	0	1	0	0	0	1	1	1	1	0	1	0	1	1	0	1	0	1	0	0	0	1	1	0	0	1	1	1	0	0	0	1	1	0	0	1	1	0	1	1	0	1	1	1	0	1	1	1	0	0	1	1	1	1	1	0	1	0	1	1	0	0	1	0	1	0	1	1	1	0	0	1	1	0	0	0	1	0	0	1	0	1	0	0	0	0	0	1	1	0	1	0	1	1	0	1	0	0	1	1	0	0	1	1	1	0	1	1	0	1	1	1	0	1	1	1	1	0	1	0	0	1	0	1	0	1	1	1	1	1	0	1	1	1	0	0	1	1	1	1	1	1	0	0	1	0	1	0	0	0	0	1	0	0	0	1	1	0	1	0	0	0	1	1	1	0	1	0	0	1	0	0	1	1	0	1	1	1	1	1	1	1	1	0	0	1	0	0	0	1	0	1	0	1	0	1	1	0	0	1	0	0	0	1	0	1	1	0	1	1	1	1	0	1	1	0	1	1	0	0	1	0	1	1	0	1	1	1	1	1	0	1	1	0	0	1	0	1	0	1	1	1	0	1	0	1	0	1	1	1	1	1	1	1	1	1	1	1	1	0	0	1	0	1	0	1	0	0	0	0	0	0	1	0	1	1	1	1	1	0	0	0	0	1	1	0	1	1	1	1	1	0	0	0	0	1	1	0	1	0	1	1	0	1	1	1	1	1	0	0	1	0	0	0	0	1	1	1	1	1	1	1	0	1	0	0	1	1	1	0	1	1	0	1	1	1	1	0	0	1	0	0	1	0	0	1	1	0	0	1	1	1	1	1	1	1	1	1	1	0	1	0	0	1	