A_0	A_1	R_0	R_1	R_2	R_3	Phenotype	Fitness	Accuracy	Numerosity	AveMatchSetSize	TimeStampGA	InitTimeStamp	Specificity	DeletionProb	CorrectCount	MatchCount
#	#	#	1	0	1	1	0.09506313248989223	0.6246006389776357	2	153.37939158564902	9920	0	0.5	3551.18122431047	782	1252
0	1	#	1	#	#	1	1.0	1.0	23	158.37542734801676	9976	1	0.5	45369.15428038971	1250	1250
#	0	#	0	0	#	0	0.23793817536009593	0.7504	3	159.24796019570545	9977	3	0.5	477.74388058711634	938	1250
#	#	#	#	0	0	0	0.23762151614310076	0.7502001601281025	5	160.42061533008157	9977	5	0.3333333333333333	9139.693583774791	1874	2498
#	#	1	0	1	#	1	0.0954436889785144	0.6250999200639489	2	156.47796980612833	9998	8	0.5	3551.2658839760566	782	1251
#	1	0	#	1	#	0	0.031375501846421426	0.5004009623095429	1	153.45124786671613	9780	31	0.5	2648.481571351978	624	1247
1	#	#	#	0	0	0	1.0	1.0	22	163.35632376295104	9977	32	0.5	42815.254008248405	1246	1246
1	#	#	1	#	1	1	0.2363531863705932	0.7493975903614458	4	161.01723412377558	9939	42	0.5	664.0861706188779	933	1245
0	#	0	#	#	0	0	0.23762253461152522	0.7502008032128514	6	161.47927205417582	9963	43	0.5	13247.955835855362	934	1245
0	#	#	1	#	1	1	0.2363531863705932	0.7493975903614458	5	156.86235442368252	9976	48	0.5	8984.925662451016	933	1245
#	#	#	#	0	#	0	0.09552085411795934	0.6252009646302251	3	152.8661976573449	9999	49	0.16666666666666666	7955.764669468981	3111	4976
#	1	#	1	1	#	1	0.23826078895023495	0.7506033789219629	4	162.21928930590244	9976	50	0.5	648.8771572236097	933	1243
#	#	#	0	0	#	0	0.23778216156583545	0.7503015681544029	5	156.48865645336613	9977	57	0.3333333333333333	8909.653444863936	1866	2487
0	0	0	#	#	#	0	1.0	1.0	25	151.46473894980392	9995	75	0.5	51263.56088049607	1242	1242
#	#	#	1	#	1	1	0.23714518711088806	0.7498991528842275	4	153.887548116153	9976	83	0.3333333333333333	628.437740580765	1859	2479
0	#	#	1	#	#	1	0.23666642889327236	0.7495961227786753	9	151.16336028411453	9976	91	0.3333333333333333	28016.38588973201	1856	2476
#	0	1	0	#	#	1	0.23794432240501076	0.7504038772213247	4	154.14781375790426	9998	93	0.5	616.591255031617	929	1238
#	1	1	1	#	#	1	0.23794432240501076	0.7504038772213247	4	167.15896692039965	9976	94	0.5	668.6358676815986	929	1238
0	#	0	#	#	#	0	0.2374646609925681	0.7501010917913465	9	152.7166791728073	9995	107	0.3333333333333333	28209.131451888763	1855	2473
#	1	1	#	#	1	1	0.23634704271506057	0.7493936944219887	4	165.26598049553388	9976	111	0.5	661.0639219821355	927	1237
#	1	#	1	#	#	1	0.2373046875	0.75	10	159.45884116812726	9976	138	0.3333333333333333	36388.10997497905	1848	2464
0	#	1	1	#	#	1	1.0	1.0	18	170.1530116869631	9976	144	0.5	3062.754210365336	1231	1231
#	1	#	#	1	1	1	0.23601918300981134	0.749185667752443	3	167.89315043982248	9976	161	0.5	503.67945131946743	920	1228
#	#	1	#	0	1	1	0.09528985930729919	0.6248982912937348	2	150.4270011401356	9967	175	0.5	3458.916726867118	768	1229
0	#	#	1	#	0	1	0.23795058991439386	0.7504078303425775	4	144.05171090362404	9970	178	0.5	576.2068436144962	920	1226
0	#	#	0	1	#	0	0.2369825253326268	0.7497962510187449	4	160.0345039492738	9995	188	0.5	640.1380157970952	920	1227
#	0	1	#	1	#	1	1.0	1.0	21	164.818957177257	9998	200	0.5	39360.7135919072	1225	1225
#	0	0	0	#	#	0	0.2373046875	0.75	4	166.5449199541559	9995	203	0.5	666.1796798166235	918	1224
1	#	1	#	0	1	0	0.03125	0.5	1	140.34038275919357	9999	207	0.6666666666666666	2449.041325397838	306	612
#	1	#	1	#	1	1	1.0	1.0	29	171.3580066403278	9976	211	0.5	78040.06262234565	1223	1223
1	#	0	0	0	#	0	0.23665808110665365	0.7495908346972177	1	158.3748140068895	9977	249	0.6666666666666666	158.3748140068895	458	611
#	#	#	0	0	0	0	0.51411125319887	0.8754098360655738	5	170.9054170158943	9977	250	0.5	854.5270850794715	1068	1220
#	1	#	0	0	#	0	0.2373046875	0.75	1	156.41903952708242	9975	250	0.5	156.41903952708242	915	1220
#	0	#	#	1	1	1	0.23568685410684403	0.748974569319114	5	163.9623296748757	9988	260	0.5	9418.157338300833	913	1219
#	#	#	#	1	1	1	0.23584644926719506	0.7490759753593429	4	159.78568594921097	9988	264	0.3333333333333333	639.1427437968439	1824	2435
#	0	1	#	#	#	1	0.23697987959976802	0.7497945768282662	8	153.8201412449246	9998	264	0.3333333333333333	22917.25921250552	1825	2434
#	0	#	1	1	0	1	0.23600224999146535	0.7491749174917491	4	137.05773170714824	9943	295	0.6666666666666666	548.2309268285929	454	606
0	#	#	#	#	#	0	0.03137918543763767	0.5004127115146513	3	152.0974079982649	9995	308	0.16666666666666666	23623.26211070913	2425	4846
0	1	#	0	#	#	0	1.0	1.0	29	157.86534311839824	9975	329	0.5	71895.21811324867	1208	1208
#	#	1	#	#	#	1	0.09505101708350555	0.6245847176079734	4	152.76056457722476	9998	367	0.16666666666666666	14178.166538530244	3008	4816
#	1	#	0	1	#	0	0.2376341857656549	0.7502081598667777	3	155.6922984108797	9961	380	0.5	467.07689523263906	901	1201
#	#	0	#	#	#	0	0.09548665085021558	0.6251561849229488	2	152.6170136507742	9995	395	0.16666666666666666	3462.0831441395753	3002	4802
#	#	#	1	#	#	1	0.09530782948113603	0.6249218587205668	4	149.39912274223656	9976	400	0.16666666666666666	13758.325289541464	2999	4799
1	#	#	#	0	#	0	0.23681009682691162	0.7496871088861077	7	153.3604652234018	9999	416	0.3333333333333333	17542.556366653185	1797	2397
#	0	0	#	#	#	0	0.23796680954216193	0.7504180602006689	7	152.35899112058556	9995	427	0.3333333333333333	16988.889523131347	1795	2392
#	1	1	1	1	#	1	0.23796791986281648	0.7504187604690117	2	181.08800064964757	9976	435	0.6666666666666666	362.17600129929514	448	597
#	1	#	0	#	#	0	0.2374705652283848	0.750104821802935	8	153.90264867605492	9975	450	0.3333333333333333	22461.227884902568	1789	2385
#	0	#	0	1	1	1	0.23598486492701679	0.7491638795986622	3	173.13623894157826	9988	452	0.6666666666666666	519.4087168247347	448	598
#	0	#	#	1	#	1	0.23647738148842365	0.7494763301214914	8	151.7362018282678	9998	456	0.3333333333333333	22238.054332203104	1789	2387
#	0	0	#	#	1	0	0.23796791986281648	0.7504187604690117	4	151.6292421503987	9995	459	0.5	606.5169686015948	896	1194
#	#	#	1	1	#	1	0.23713876337874734	0.7498950902224087	3	151.60559725370499	9976	467	0.3333333333333333	454.8167917611149	1787	2383
#	0	#	#	#	#	1	0.03125	0.5	1	149.41994048110942	9998	484	0.16666666666666666	2622.977989898076	2378	4756
1	0	#	#	#	#	1	0.03125	0.5	2	152.26666970374094	9998	487	0.3333333333333333	10727.017188515285	1189	2378
0	#	1	#	#	#	1	0.2361422455014783	0.7492637778712663	8	158.46244428281	9976	496	0.3333333333333333	23256.794096252503	1781	2377
#	0	0	#	0	#	0	1.0	1.0	22	163.53440081191093	9977	497	0.5	42861.927524820196	1187	1187
0	#	#	0	#	#	0	0.23797127328066167	0.7504208754208754	13	160.3573775883189	9995	500	0.3333333333333333	61669.20184442774	1783	2376
1	#	0	#	1	#	1	0.2373046875	0.75	5	149.9561481910379	9988	516	0.5	8554.904782680711	888	1184
#	1	#	#	#	1	1	0.23697054972214196	0.7497886728655959	4	157.33592023736108	9976	531	0.3333333333333333	629.3436809494443	1774	2366
1	#	0	1	1	#	1	0.23663622401648474	0.7495769881556683	1	142.57934464339118	9939	531	0.6666666666666666	142.57934464339118	443	591
1	0	#	#	1	#	1	1.0	1.0	26	151.5548890384483	9998	551	0.5	55479.66867371331	1181	1181
#	0	1	1	#	#	1	0.2362983077487722	0.7493627867459643	2	160.18678043641972	9943	560	0.5	329.96695109104934	882	1177
#	#	#	0	#	#	0	0.0957518630172147	0.6255030713831815	4	155.8687828767549	9995	564	0.16666666666666666	14104.221056836597	2953	4721
#	#	0	0	#	#	0	0.2371370757765746	0.7498940228910556	6	163.92452838316154	9995	569	0.3333333333333333	13476.099081873268	1769	2359
#	0	#	#	0	#	0	0.2379769383083967	0.7504244482173175	10	152.8462315914489	9999	569	0.3333333333333333	35479.556938575035	1768	2356
#	0	#	0	1	#	1	0.23663395676053672	0.7495755517826825	4	159.13000950351775	9998	584	0.5	636.520038014071	883	1178
#	#	#	0	1	#	0	0.03118365182862273	0.4997875053123672	1	157.01456510972434	9995	587	0.3333333333333333	2726.6549311611916	1176	2353
1	0	#	#	0	#	0	1.0	1.0	26	153.2553757723525	9999	591	0.5	57223.7462754889	1176	1176
1	1	1	1	#	#	1	0.03125	0.5	1	168.56873649764933	9884	606	0.6666666666666666	2921.0851831963278	293	586
#	#	1	1	#	#	1	0.23646042804795184	0.7494655835827276	5	160.7916688500896	9976	641	0.3333333333333333	9468.83228183629	1753	2339
#	1	#	#	#	0	0	0.2376437910278106	0.7502142245072836	10	158.9431967103051	9961	670	0.3333333333333333	36218.68543725391	1751	2334
#	1	#	0	#	0	0	1.0	1.0	19	168.77390699523824	9961	706	0.5	32993.60099124463	1160	1160
0	1	#	#	#	#	0	0.0313176113983343	0.5002161694768699	3	156.73513405732805	9975	756	0.3333333333333333	24391.4405387788	1157	2313
0	#	0	0	#	#	0	1.0	1.0	25	173.7163405670361	9995	756	0.5	58794.66245636554	1155	1155
1	1	#	#	#	1	1	1.0	1.0	25	155.2815231396318	9967	767	0.5	52555.35955284448	1153	1153
#	1	#	#	0	1	1	0.23799573154992837	0.7504363001745201	4	151.6864647589753	9967	831	0.5	606.7458590359012	860	1146
#	#	#	0	#	0	0	0.2379981548454611	0.7504378283712785	4	160.24473405550475	9977	873	0.3333333333333333	640.978936222019	1714	2284
#	0	1	0	#	0	1	0.2359201831861144	0.7491228070175439	4	148.3025752331077	9998	878	0.6666666666666666	593.2103009324308	427	570
#	#	#	#	#	1	1	0.09530391263952273	0.6249167221852099	4	150.42192950296078	9988	993	0.16666666666666666	13874.052418812385	2814	4503
#	1	#	#	0	0	0	0.2373046875	0.75	1	159.31761816307937	9925	1021	0.5	159.31761816307937	843	1124
#	0	#	#	0	1	0	0.2373046875	0.75	5	146.78118358314956	9999	1167	0.5	8469.017472410478	828	1104
1	1	#	#	#	0	0	1.0	1.0	31	157.86154909690617	9961	1182	0.5	82151.77659498481	1103	1103
#	#	#	0	1	0	0	0.09597530803707179	0.6257947320617621	1	152.5493856056555	9961	1193	0.5	152.5493856056555	689	1101
0	0	1	#	#	#	1	1.0	1.0	32	161.92853427997665	9966	1198	0.5	95492.32698816493	1098	1098
1	#	#	#	1	#	1	0.23748509245403085	0.7501139990880072	9	152.32807196940618	9998	1220	0.3333333333333333	28134.928964510986	1645	2193
0	#	#	0	#	1	0	0.2373046875	0.75	4	155.50788754043143	9995	1227	0.5	622.0315501617257	822	1096
1	#	#	0	1	#	1	0.2376680943040008	0.7502295684113865	5	155.9154565671965	9998	1284	0.5	8881.278880142398	817	1089
1	#	#	#	#	0	0	0.23694105795220696	0.749770009199632	7	155.332179104748	9977	1310	0.3333333333333333	17395.399356483173	1630	2174
#	#	#	#	1	#	1	0.09499454320253596	0.6245104814558857	4	152.23337171458655	9998	1316	0.16666666666666666	13885.080509671689	2711	4341
1	#	#	0	1	1	1	1.0	1.0	10	177.48229491458508	9988	1348	0.6666666666666666	1774.8229491458508	540	540
1	#	1	#	1	#	1	0.23657181379353992	0.7495361781076066	3	162.5037671295633	9998	1370	0.5	487.5113013886899	808	1078
#	#	0	#	#	0	0	0.23786095703423651	0.7503512880562061	4	166.65879423841403	9977	1451	0.3333333333333333	666.6351769536561	1602	2135
1	#	#	#	1	1	1	1.0	1.0	30	179.06503556642036	9988	1505	0.5	87271.11299305182	1059	1059
#	0	#	1	0	#	0	0.2376791031520629	0.750236518448439	4	150.50681179673924	9999	1548	0.5	611.5340589836962	793	1057
#	#	#	0	1	1	1	0.09509655291500087	0.6246445497630332	2	164.95466186932987	9988	1553	0.5	3757.3099477498595	659	1055
#	1	#	#	0	#	1	0.03132444017587193	0.5002379819133745	1	158.28640866729208	9967	1599	0.3333333333333333	2736.387005519755	1051	2101
1	#	#	#	#	1	1	0.2369264524996291	0.7497607655502392	9	154.20943452227007	9988	1633	0.3333333333333333	29091.25947779191	1567	2090
1	#	#	1	0	#	0	0.2373046875	0.75	6	151.6392234476969	9999	1679	0.5	12696.188333453283	780	1040
1	#	0	1	0	#	0	0.23501853223020688	0.7485493230174082	1	151.57201354982385	9952	1713	0.6666666666666666	151.57201354982385	387	517
0	0	#	#	#	#	0	0.031328557024186875	0.5002511300853842	2	152.70416755951047	9995	2027	0.3333333333333333	10558.146922008262	996	1991
#	1	0	#	#	1	1	0.2373046875	0.75	4	149.5943746090002	9939	2054	0.5	598.3774984360008	744	992
#	0	0	1	#	#	0	0.2385191408856289	0.7507660878447395	4	141.10728075632773	9963	2155	0.5	564.4291230253109	735	979
#	#	0	#	0	#	0	0.237102863487615	0.7498723838693211	4	156.9176515166678	9977	2161	0.3333333333333333	627.6706060666712	1469	1959
1	0	#	1	#	#	0	0.03141158186832451	0.500515995872033	1	147.9474793899367	9999	2225	0.5	2593.8423921206286	485	969
#	1	#	1	0	#	1	0.2368976469655275	0.7497425334706488	1	155.20881124401993	9920	2240	0.5	155.20881124401993	728	971
1	#	1	0	1	#	1	0.2373046875	0.75	1	163.3302745966643	9998	2318	0.6666666666666666	163.3302745966643	360	480
0	#	#	0	#	0	0	0.2373046875	0.75	1	166.4945612267739	9325	2370	0.5	166.4945612267739	714	952
1	#	1	#	0	#	0	0.23647668870037358	0.749475890985325	1	149.25822021953002	9999	2375	0.5	151.32277527441252	715	954
0	#	0	#	0	#	0	0.2360570315518369	0.7492096944151738	1	161.78540825871477	9945	2393	0.5	161.78540825871477	711	949
0	#	0	#	1	#	0	0.23688198599089608	0.7497326203208556	4	150.24904153593857	9995	2539	0.5	600.9961661437543	701	935
0	#	#	1	1	1	1	0.2347639755129309	0.7483870967741936	3	163.51433209747037	9976	2566	0.6666666666666666	490.5429962924111	348	465
#	#	#	1	1	1	1	0.5113249066908472	0.8744588744588745	1	169.67871399234213	9976	2588	0.5	169.67871399234213	808	924
#	0	#	1	1	#	1	0.23559746662675993	0.7489177489177489	4	145.0361896953834	9943	2599	0.5	580.1447587815336	692	924
#	0	0	#	#	0	0	0.23817905901892908	0.7505518763796909	7	155.6315032647469	9977	2731	0.5	17338.32858585296	680	906
#	0	#	0	0	0	0	0.2373046875	0.75	1	173.85940833609808	9977	2759	0.6666666666666666	173.85940833609808	339	452
#	#	0	1	1	1	1	0.23642902540212465	0.7494456762749445	2	152.27082715767162	9939	2771	0.6666666666666666	304.54165431534324	338	451
#	#	#	1	1	0	1	0.09568681324215193	0.6254180602006689	1	138.59494703835884	9970	2802	0.5	138.59494703835884	561	897
1	#	0	#	0	#	0	0.23686310837513377	0.7497206703910615	4	156.11454371235135	9977	2848	0.5	624.4581748494054	671	895
#	0	#	#	0	0	0	0.2373046875	0.75	6	166.05270766281825	9977	2848	0.5	13641.412992676087	669	892
#	#	#	#	#	0	0	0.09553378948766322	0.6252178965717606	2	155.37212790114168	9977	3113	0.16666666666666666	3522.843188048196	2152	3442
#	1	0	#	0	1	1	0.2373046875	0.75	1	140.9096763887585	9826	3135	0.6666666666666666	140.9096763887585	321	428
#	#	1	#	0	0	0	0.09581600766715594	0.6255868544600939	1	153.39253674581875	9925	3197	0.5	153.39253674581875	533	852
#	1	#	#	1	0	0	0.23682450820074677	0.7496962332928311	5	151.06979885787229	9961	3422	0.5	8635.912382631348	617	823
0	#	1	#	1	#	1	0.23681009682691162	0.7496871088861077	4	164.33266823806875	9976	3607	0.5	657.330672952275	599	799
1	1	#	#	1	#	0	0.03164456570643908	0.5012562814070352	1	157.70763729437115	9961	3614	0.5	2698.800597059991	399	796
0	#	0	#	1	0	0	0.23628446249634596	0.7493540051679587	1	149.45461983515804	9963	3819	0.6666666666666666	149.45461983515804	290	387
#	#	1	1	1	#	1	0.5119530861378006	0.8746736292428199	3	176.42343350216393	9976	3864	0.5	529.2703005064918	670	766
#	#	1	#	1	1	1	0.5109936690706671	0.8743455497382199	3	180.08725871551582	9976	3868	0.5	540.2617761465474	668	764
0	#	1	#	#	0	1	0.23678405433628696	0.7496706192358367	3	155.0449719431794	9966	3920	0.5	465.1349158295382	569	759
0	#	1	#	0	#	1	0.23574142095901165	0.7490092470277411	4	154.21467009992452	9966	3950	0.5	616.8586803996981	567	757
0	#	#	0	0	#	0	0.2356903758947944	0.7489768076398363	5	163.54888585095327	9975	4121	0.5	9394.268343438776	549	733
#	#	1	1	#	1	1	0.5114112464719981	0.8744884038199181	8	173.81307703926797	9976	4124	0.5	1456.1307703926798	641	733
#	#	0	#	0	0	0	0.5154405640678636	0.8758620689655172	3	177.2129726236936	9977	4192	0.5	531.6389178710808	635	725
#	#	1	#	1	#	1	0.23672448071791397	0.749632892804699	4	159.67972308811537	9998	4552	0.3333333333333333	638.7188923524615	1021	1362
#	1	1	#	#	0	0	0.23672277339209635	0.7496318114874816	4	155.31566518906106	9961	4574	0.5	621.2626607562443	509	679
#	#	1	0	#	0	0	0.0955104970688937	0.6251874062968515	2	153.16711592046417	9961	4669	0.5	3473.694594234885	417	667
1	#	0	0	1	#	1	0.23482762478473768	0.7484276729559748	1	152.55612971295844	9988	4904	0.6666666666666666	152.55612971295844	238	318
#	#	1	#	#	1	1	0.23572812726361614	0.7490007993605116	2	159.79739268475925	9976	5000	0.3333333333333333	328.9934817118981	937	1251
#	#	1	1	#	0	1	0.09520990370734611	0.6247933884297521	1	151.67064571200422	9943	5143	0.5	151.67064571200422	378	605
0	#	#	0	1	1	0	0.23862158042165266	0.7508305647840532	4	158.62630509716485	9995	5193	0.6666666666666666	634.5052203886594	226	301
#	0	0	1	#	1	0	0.23862158042165266	0.7508305647840532	1	143.02387480146518	9292	5196	0.6666666666666666	143.02387480146518	226	301
#	1	1	0	#	#	0	0.23863040871033292	0.7508361204013378	3	150.5179334435712	9975	5225	0.5	451.55380033071356	449	598
#	0	#	1	0	0	0	0.23865761835622623	0.7508532423208191	1	159.0675254008042	9952	5280	0.6666666666666666	159.0675254008042	220	293
#	0	1	#	0	#	0	0.03125	0.5	1	146.31338317155104	9999	5327	0.5	2580.501781145743	292	584
1	#	#	1	1	#	1	0.23867638723997833	0.7508650519031141	4	149.9461863456608	9939	5351	0.5	599.7847453826432	434	578
0	#	1	#	#	1	1	0.23522672580617074	0.7486818980667839	2	163.70610162149106	9976	5448	0.5	327.4122032429821	426	569
0	#	#	1	1	#	1	0.23519719919186724	0.7486631016042781	2	154.93589515800528	9976	5510	0.5	309.87179031601056	420	561
1	#	#	0	#	1	1	0.23801560576654593	0.7504488330341114	4	153.06985341852422	9988	5537	0.5	612.2794136740969	418	557
1	#	1	#	#	1	1	0.2373046875	0.75	5	162.35809193869636	9967	5660	0.5	9478.788137517115	405	540
#	0	#	0	#	#	1	0.03125	0.5	1	159.10554702763858	9998	5670	0.3333333333333333	2757.0999560364066	541	1082
1	0	#	#	#	#	0	0.03139754459113073	0.5004712535344015	2	152.26666970374094	9999	5753	0.3333333333333333	10749.600374597461	531	1061
#	#	#	1	0	0	0	0.0957420086797937	0.6254901960784314	1	149.35288281382884	9952	5909	0.5	149.35288281382884	319	510
1	#	1	0	#	1	1	0.2373046875	0.75	2	151.29967493318173	9967	5935	0.6666666666666666	302.59934986636347	189	252
0	0	#	#	#	1	0	0.031882570564059055	0.5020080321285141	1	154.19845423977512	9995	6027	0.5	2619.0506811612804	250	498
#	1	1	0	0	#	0	0.2373046875	0.75	1	148.73993100102052	9975	6146	0.6666666666666666	148.73993100102052	180	240
#	0	1	1	#	1	1	0.23225583640721675	0.7467811158798283	1	167.25878034328312	9880	6256	0.6666666666666666	173.8234754291039	174	233
#	#	1	0	1	1	1	0.2314600316517187	0.746268656716418	1	167.73427281117006	9864	6792	0.6666666666666666	167.73427281117006	150	201
#	1	#	1	#	0	1	0.030860354003887855	0.49874686716791977	1	143.63539193306624	9970	6811	0.5	2520.4481756160985	199	399
#	#	0	0	1	1	0	0.03125	0.5	1	164.79782995346244	9995	6900	0.6666666666666666	2855.7400933397876	97	194
1	1	#	0	#	#	0	0.03167343555665732	0.5013477088948787	1	152.58621192195886	9961	7030	0.5	2608.7792432749916	186	371
#	#	0	0	#	0	0	0.5168604494871423	0.8763440860215054	1	176.72713384714308	9977	7030	0.5	176.72713384714308	326	372
1	#	#	0	0	#	0	0.2373046875	0.75	1	152.80421774263445	9977	7047	0.5	152.80421774263445	276	368
#	#	#	1	#	0	1	0.03082541392203898	0.49863387978142076	1	143.83554868567757	9970	7067	0.3333333333333333	2526.8213009626566	365	732
1	#	1	#	#	0	0	0.23515130168221252	0.7486338797814208	4	150.39949129110275	9961	7070	0.5	601.597965164411	274	366
1	0	#	0	#	1	1	0.03125	0.5	1	162.63582115054396	9988	7172	0.6666666666666666	2818.2751872643166	88	176
#	#	0	0	0	#	0	0.5085100855942729	0.8734939759036144	4	167.06874189862242	9977	7353	0.5	668.2749675944897	290	332
#	#	0	1	#	1	1	0.09244227392200599	0.6211180124223602	2	146.52412593732456	9939	7430	0.5	3433.33137898512	200	322
#	1	0	0	#	#	0	0.23855497286298294	0.750788643533123	3	162.4889554376527	9945	7469	0.5	487.4668663129581	238	317
#	#	0	0	#	1	0	0.095367431640625	0.625	1	159.19952171547743	9995	7627	0.5	159.19952171547743	185	296
0	#	#	0	0	1	0	0.2373046875	0.75	2	148.32648115273545	9975	7735	0.6666666666666666	296.6529623054709	105	140
#	1	1	0	1	#	0	0.2373046875	0.75	1	154.27571027574965	9961	7817	0.6666666666666666	154.27571027574965	102	136
#	1	1	1	#	0	0	0.03010961282556225	0.4962962962962963	1	151.92196137320963	9950	7838	0.6666666666666666	2732.3265336427635	67	135
1	#	#	#	0	1	1	0.03125	0.5	1	144.43542686363665	9967	7855	0.5	2471.4868117062992	135	270
#	1	0	0	0	#	0	0.2342067575938101	0.7480314960629921	2	163.2783641401129	9945	7961	0.6666666666666666	326.5567282802258	95	127
#	1	1	#	1	0	0	0.23410655790434154	0.7479674796747967	1	155.24362396509196	9961	8030	0.6666666666666666	155.24362396509196	92	123
1	1	#	#	#	#	1	0.030930473033890453	0.4989733059548255	2	155.30279990703832	9967	8047	0.3333333333333333	10876.01823087638	243	487
#	1	1	0	#	1	0	0.03125	0.5	1	140.6092819564863	9975	8073	0.6666666666666666	2436.582836632311	60	120
1	#	#	#	0	1	0	0.03125	0.5	1	144.43542686363665	9999	8079	0.5	2571.1086980077384	120	240
#	1	#	0	0	1	1	0.03125	0.5	1	132.10383263699975	9967	8111	0.6666666666666666	2289.194047347971	59	118
1	0	0	#	#	#	0	0.03125	0.5	1	159.66569099400795	9977	8185	0.5	2766.8065497655543	113	226
1	0	#	0	#	1	0	0.02981676068313592	0.4953271028037383	1	162.63582115099157	9302	8278	0.6666666666666666	2953.7447255987295	53	107
#	0	0	0	#	0	0	0.2410954204315711	0.7523809523809524	1	170.2191967327381	9977	8313	0.6666666666666666	170.2191967327381	79	105
0	#	#	1	0	0	1	0.22965034521487823	0.7450980392156863	1	145.61711818353984	9808	8347	0.6666666666666666	145.61711818353984	76	102
0	1	#	1	#	#	0	0.0	0.0	1	158.37542734801676	8384	8384	0.5	8576.399674931892	0	202
#	1	#	#	1	#	0	0.0316666607800829	0.5013262599469496	1	157.16551437059024	9961	8489	0.3333333333333333	2687.6468338471736	189	377
0	#	#	1	0	#	1	0.23299017196734473	0.7472527472527473	2	152.79989974005912	9920	8539	0.5	305.59979948011824	136	182
#	#	1	#	#	0	0	0.031702890995480223	0.5014409221902018	2	151.7817752464742	9961	8606	0.3333333333333333	10370.458642085749	174	347
1	#	1	#	#	#	1	0.030346882044112528	0.49707602339181284	1	152.27263410119755	9998	8623	0.3333333333333333	2727.284947625526	170	342
1	0	#	#	#	1	1	0.030336320729380847	0.4970414201183432	1	157.71094769393545	9988	8644	0.5	2805.328246437211	84	169
1	#	0	0	#	0	0	0.24222785347949022	0.7530864197530864	1	168.1428439822111	9977	8697	0.6666666666666666	168.1428439822111	61	81
#	1	#	#	0	#	0	0.03076626321556655	0.4984423676012461	1	158.28640866729208	9975	8709	0.3333333333333333	2786.0319094282468	160	321
1	1	#	1	#	#	0	0.030291484318762937	0.4968944099378882	1	156.38557613172767	9950	8709	0.5	2795.717928560987	80	161
#	#	0	0	0	0	0	1.0	1.0	4	195.65069536517177	9977	8761	0.6666666666666666	782.6027814606871	78	78
#	1	1	#	0	1	1	0.23207791712921816	0.7466666666666667	1	156.22734545494725	9967	8815	0.6666666666666666	156.22734545494725	56	75
#	0	#	1	0	1	0	0.2373046875	0.75	2	147.17933018175933	9999	8847	0.6666666666666666	297.4483254543983	54	72
#	1	#	0	#	1	0	0.03125	0.5	1	141.6468616640847	9975	8887	0.5	2454.5627940860054	69	138
1	1	#	1	#	#	1	0.03240728271932168	0.5036496350364964	1	156.38557613172912	9939	8901	0.5	2613.19181019145	69	137
0	0	1	#	#	#	0	0.0	0.0	1	161.92853427998463	8976	8976	0.5	8768.808722513282	0	127
0	1	#	#	0	#	0	0.03125	0.5	1	158.19980376477594	9975	9015	0.5	2741.4045591324566	62	124
0	0	#	0	1	1	0	0.03125	0.5	1	165.42955756745275	9995	9035	0.8333333333333334	2866.687142071263	15	30
1	1	#	1	1	#	0	0.03419611030046381	0.509090909090909	1	159.67043260055075	9950	9107	0.6666666666666666	2528.5119158655652	28	55
0	#	#	#	#	1	0	0.03197671310525621	0.5023041474654378	2	153.1508666930362	9995	9140	0.3333333333333333	10374.396484175439	109	217
1	0	1	#	#	0	0	0.028188749379596083	0.4897959183673469	1	144.511508788026	9223	9223	0.6666666666666666	2776.1558221277414	24	49
0	#	#	#	#	1	1	0.028744658863218614	0.49171270718232046	1	153.1508666930362	9976	9286	0.3333333333333333	2885.223839263812	89	181
0	1	0	#	#	#	0	0.03125	0.5	1	160.5998924742897	9945	9325	0.5	2782.995091952374	42	84
0	#	0	1	#	0	0	0.02724920932908401	0.4864864864864865	1	132.3428441155826	9963	9387	0.6666666666666666	2630.048579314455	18	37
1	1	#	#	#	0	1	0.0	0.0	1	157.86153640861227	9502	9502	0.5	8548.5712790787	0	63
1	1	1	#	#	#	1	0.0286899592428037	0.4915254237288136	1	160.42756671054306	9967	9519	0.5	3028.0725552174686	29	59
#	1	#	#	1	#	1	0.029958857775924084	0.4957983193277311	1	157.1655143706082	9976	9522	0.3333333333333333	2840.855990594816	59	119
1	#	1	1	0	#	0	0.21208362139917689	0.7333333333333333	1	151.61730638152235	9999	9541	0.6666666666666666	154.27163297690294	22	30
0	0	#	0	#	1	0	0.03125	0.5	1	162.75535426047836	9995	9611	0.6666666666666666	2820.346546423704	12	24
#	0	#	#	#	0	0	0.03125	0.5	1	152.29883641927412	9977	9643	0.3333333333333333	2639.1481820745967	43	86
1	1	#	#	#	1	0	0.0	0.0	1	155.2807694355627	9647	9647	0.5	8408.816713617603	0	43
1	#	#	#	1	1	0	0.0	0.0	1	179.0596656054231	9692	9692	0.5	9696.499536618265	0	36
0	0	#	#	#	0	0	0.03125	0.5	1	156.2671970511085	9963	9707	0.5	2707.9149040900556	17	34
#	0	0	1	#	0	0	0.21208362139917689	0.7333333333333333	1	138.93157318656	9963	9760	0.6666666666666666	138.93157318656	11	15
#	1	0	1	#	#	1	0.2693290743429045	0.7692307692307693	1	142.47351503851013	9970	9778	0.5	142.47351503851013	20	26
0	#	#	1	1	0	1	0.2693290743429045	0.7692307692307693	1	146.16240947199998	9970	9778	0.6666666666666666	146.16240947199998	10	13
0	#	0	0	#	#	1	0.0	0.0	1	173.79503488769294	9803	9803	0.5	9411.407474470512	0	24
0	0	#	#	#	#	1	0.01996455762479919	0.45714285714285713	1	152.701228929773	9966	9864	0.3333333333333333	4141.904228298324	16	35
#	0	0	#	1	0	1	0.014458261438686257	0.42857142857142855	1	135.10399999999998	9895	9895	0.6666666666666666	135.10399999999998	3	7
0	#	1	1	#	#	0	0.0	0.0	1	167.89151999999999	9920	9920	0.5	167.89151999999999	0	9
1	1	#	#	#	#	0	0.023078380428451596	0.47058823529411764	2	155.98651493253118	9961	9925	0.3333333333333333	311.97302986506236	8	17
#	#	1	0	#	0	1	0.0003200000000000001	0.2	1	155.2	9998	9966	0.5	155.2	1	5
#	1	0	1	1	0	1	0.02373046875	0.75	1	137.9273672476721	9970	9970	0.8333333333333334	137.9273672476721	0	0
#	#	1	0	1	0	1	0.061865234375	0.875	1	164.818957177257	9998	9998	0.6666666666666666	164.818957177257	0	0
