Explore_Iteration	MacroPopSize	MicroPopSize	Accuracy_Estimate	AveGenerality	ExpRules	Time(min)
64	30	32	0.6875	0.4895833333333333	7.64171282450358e-05
128	45	64	0.796875	0.484375	0.00017841657002766928
192	65	98	0.8125	0.48809523809523797	0.0003127018610636393
256	73	122	0.765625	0.49453551912568305	0.0004726250966389974
320	82	142	0.78125	0.5046948356807512	0.0006419062614440918
384	83	166	0.828125	0.5230923694779115	0.0008294185002644857
448	99	197	0.828125	0.5346869712351944	0.0010318438212076823
512	112	225	0.859375	0.5459259259259258	0.0012801527976989747
576	122	249	0.890625	0.544176706827309	0.0015556891759236655
640	130	275	0.890625	0.5436363636363634	0.0018366058667500815
704	135	299	0.890625	0.5457079152731323	0.0021148045857747396
768	141	325	0.90625	0.5558974358974356	0.002412593364715576
832	147	347	0.90625	0.5557156580211334	0.002734514077504476
896	154	371	0.90625	0.554806828391734	0.003058803081512451
960	154	383	0.921875	0.557006092254134	0.0033763806025187177
1024	159	402	0.9375	0.5572139303482587	0.003730777899424235
1088	162	418	0.9375	0.5582137161084529	0.004057113329569499
1152	164	438	0.96875	0.5566971080669713	0.004391332467397054
1216	172	464	0.96875	0.5574712643678161	0.004740532239278158
1280	177	488	0.984375	0.5590846994535517	0.005102908611297608
1344	181	506	1.0	0.5606060606060603	0.005472294489542643
1408	182	526	0.984375	0.5627376425855509	0.005839776992797851
1472	185	546	0.984375	0.5625763125763124	0.006235074996948242
1536	187	568	1.0	0.5622065727699528	0.00662160317103068
1600	194	590	1.0	0.5627118644067796	0.007019340991973877
1664	197	608	1.0	0.5633223684210524	0.007412099838256836
1728	201	632	1.0	0.5627637130801687	0.007822056611378988
1792	201	652	1.0	0.5626278118609406	0.008230443795522053
1856	205	672	1.0	0.5632440476190476	0.008645192782084147
1920	205	692	1.0	0.5631021194605009	0.009065914154052734
1984	206	716	1.0	0.5630819366852885	0.009482149283091228
2048	210	738	1.0	0.5639114724480577	0.009895428021748861
2112	211	762	1.0	0.5632108486439196	0.010314337412516276
2176	214	786	1.0	0.5623409669211197	0.010768640041351318
2240	218	806	1.0	0.5626550868486353	0.01120602289835612
2304	219	824	1.0	0.5620954692556636	0.011638220151265461
2368	221	846	1.0	0.5624507486209614	0.012068609396616617
2432	224	867	1.0	0.5628604382929643	0.012506107489267984
2496	225	887	1.0	0.5627583615182262	0.012944555282592774
2560	227	899	1.0	0.5626622172784576	0.013378326098124187
2624	232	921	1.0	0.561708288092653	0.013830427328745525
2688	233	941	1.0	0.5616365568544103	0.014293487866719563
2752	236	969	1.0	0.5615755073959409	0.014774493376413981
2816	240	993	1.0	0.5605908022826455	0.015270928541819254
2880	239	1000	1.0	0.5608333333333335	0.015838344891866047
2944	237	1000	1.0	0.5611666666666667	0.016366557280222575
3008	233	1000	1.0	0.5606666666666669	0.01689370075861613
3072	228	1000	1.0	0.5605000000000001	0.017407580216725668
3136	228	1000	1.0	0.5595000000000001	0.017912312348683675
3200	225	1000	1.0	0.5598333333333336	0.01842867930730184
3264	222	1000	1.0	0.5583333333333335	0.018936951955159504
3328	223	1000	1.0	0.5588333333333334	0.019498280684153237
3392	225	1000	1.0	0.5578333333333334	0.020031833648681642
3456	226	1000	1.0	0.5569999999999999	0.020521740118662517
3520	227	1000	1.0	0.5566666666666668	0.021013228098551433
3584	224	1000	1.0	0.5571666666666667	0.021547627449035645
3648	223	1000	1.0	0.5570000000000003	0.022042628129323324
3712	221	1000	1.0	0.5570000000000003	0.022557405630747478
3776	216	1000	1.0	0.556666666666667	0.023048941294352213
3840	218	1000	1.0	0.5555000000000002	0.02353348731994629
3904	218	1000	1.0	0.5543333333333336	0.02401524782180786
3968	220	1000	1.0	0.5535000000000002	0.024560976028442382
4032	217	1000	1.0	0.5530000000000003	0.02506774663925171
4096	213	1000	1.0	0.5530000000000003	0.02557453711827596
4160	216	1000	1.0	0.5530000000000003	0.026040259997049967
4224	216	1000	1.0	0.5525000000000001	0.026511470476786297
4288	216	1000	1.0	0.5523333333333335	0.026977165540059408
4352	213	1000	1.0	0.5518333333333334	0.027467886606852215
4416	211	1000	1.0	0.5516666666666667	0.02796475092569987
4480	212	1000	1.0	0.5516666666666667	0.02846302588780721
4544	210	1000	1.0	0.5515	0.028957358996073403
4608	212	1000	1.0	0.5508333333333334	0.029459106922149658
4672	208	1000	1.0	0.5498333333333335	0.029947972297668456
4736	207	1000	1.0	0.5498333333333334	0.030420136451721192
4800	207	1000	1.0	0.5496666666666666	0.030907078584035238
4864	209	1000	1.0	0.5496666666666667	0.03137389818827311
4928	210	1000	1.0	0.5500000000000002	0.03183762629826863
4992	209	1000	1.0	0.5495000000000002	0.03229877948760986
5056	210	1000	1.0	0.5500000000000003	0.03307767709096273
5120	211	1000	1.0	0.5500000000000002	0.0335921843846639
5184	212	1000	1.0	0.5493333333333336	0.03407923777898152
5248	218	1000	1.0	0.5491666666666668	0.03458258310953776
5312	216	1000	1.0	0.548666666666667	0.03506468137105306
5376	218	1000	1.0	0.5480000000000004	0.03555302222569783
5440	218	1000	1.0	0.5468333333333336	0.03608482281366984
5504	219	1000	1.0	0.5448333333333337	0.036600999037424725
5568	217	1000	1.0	0.5458333333333337	0.037099138895670576
5632	218	1000	1.0	0.5463333333333338	0.03761295874913533
5696	222	1000	1.0	0.5465000000000004	0.038118374347686765
5760	222	1000	1.0	0.5455000000000002	0.03864187399546305
5824	222	1000	1.0	0.5443333333333333	0.03919876019159953
5888	220	1000	1.0	0.5443333333333332	0.03969036340713501
5952	219	1000	1.0	0.5435	0.0401558518409729
6016	218	1000	1.0	0.5433333333333332	0.04069305658340454
6080	218	1000	1.0	0.543	0.04121047258377075
6144	220	1000	1.0	0.5418333333333333	0.04168478647867838
6208	220	1000	1.0	0.5411666666666668	0.04220974842707316
6272	219	1000	1.0	0.5413333333333333	0.04270537296930949
6336	223	1000	1.0	0.5406666666666667	0.043248645464579266
6400	222	1000	1.0	0.5408333333333334	0.04375830888748169
6464	222	1000	1.0	0.5405000000000002	0.044269164403279625
6528	221	1000	1.0	0.540166666666667	0.04478960434595744
6592	221	1000	1.0	0.5403333333333334	0.045320403575897214
6656	220	1000	1.0	0.5401666666666669	0.04584623575210571
6720	218	1000	1.0	0.5406666666666669	0.046325127283732094
6784	215	1000	1.0	0.5405000000000002	0.04681931734085083
6848	218	1000	1.0	0.540666666666667	0.047345014413197835
6912	216	1000	1.0	0.5400000000000004	0.04785733222961426
6976	215	1000	1.0	0.5395000000000002	0.04834107160568237
7040	215	1000	1.0	0.5393333333333336	0.04880263408025106
7104	219	1000	1.0	0.5391666666666668	0.049314387639363605
7168	218	1000	1.0	0.5393333333333334	0.04978596369425456
7232	220	1000	1.0	0.5391666666666669	0.0503094474474589
7296	219	1000	1.0	0.5396666666666668	0.05080095926920573
7360	219	1000	1.0	0.5411666666666668	0.05128912528355916
7424	221	1000	1.0	0.5413333333333334	0.05176808834075928
7488	222	1000	1.0	0.5411666666666669	0.05230307579040527
7552	221	1000	1.0	0.5420000000000001	0.05285714467366536
7616	224	1000	1.0	0.542	0.05339856545130412
7680	226	1000	1.0	0.5413333333333333	0.05390566190083822
7744	230	1000	1.0	0.5418333333333333	0.05442292292912801
7808	226	1000	1.0	0.5408333333333333	0.054982725779215494
7872	224	1000	1.0	0.5399999999999998	0.05550820430119832
7936	224	1000	1.0	0.5393333333333333	0.05601434707641602
8000	221	1000	1.0	0.5391666666666667	0.05649043321609497
8064	223	1000	1.0	0.5386666666666667	0.05700843731562297
8128	225	1000	1.0	0.5386666666666671	0.05753475824991862
8192	227	1000	1.0	0.5373333333333333	0.058056004842122394
8256	226	1000	1.0	0.5363333333333332	0.0585620125134786
8320	229	1000	1.0	0.5363333333333332	0.059083811442057294
8384	231	1000	1.0	0.5351666666666668	0.05959451993306478
8448	228	1000	1.0	0.5333333333333335	0.060136687755584714
8512	228	1000	1.0	0.5343333333333334	0.06066755851109822
8576	225	1000	1.0	0.5336666666666667	0.061206742127736406
8640	228	1000	1.0	0.5341666666666666	0.0617586890856425
8704	230	1000	1.0	0.5341666666666668	0.06230144500732422
8768	230	1000	1.0	0.5350000000000003	0.06285579204559326
8832	230	1000	1.0	0.5353333333333337	0.06333240667978922
8896	227	1000	1.0	0.5355000000000003	0.06383860111236572
8960	226	1000	1.0	0.5345000000000003	0.064339280128479
9024	228	1000	1.0	0.5343333333333334	0.06484299500783285
9088	226	1000	1.0	0.5341666666666668	0.06538090705871583
9152	227	1000	1.0	0.5338333333333333	0.06592493851979574
9216	230	1000	1.0	0.5339999999999999	0.06643875439961751
9280	229	1000	1.0	0.5336666666666665	0.06693325837453207
9344	226	1000	1.0	0.5343333333333332	0.06743766069412231
9408	223	1000	1.0	0.5326666666666666	0.06792887449264526
9472	222	1000	1.0	0.5326666666666665	0.06841419140497844
9536	224	1000	1.0	0.5331666666666662	0.06893018086751303
9600	224	1000	1.0	0.5329999999999998	0.06943170626958212
9664	224	1000	1.0	0.5323333333333329	0.06993871132532756
9728	225	1000	1.0	0.5323333333333331	0.0704346776008606
9792	225	1000	1.0	0.5314999999999999	0.0709521214167277
9856	224	1000	1.0	0.5318333333333333	0.07143924236297608
9920	223	1000	1.0	0.5316666666666665	0.07193341255187988
9984	224	1000	1.0	0.5319999999999999	0.0724665363629659
