A_0	A_1	R_0	R_1	R_2	R_3	Phenotype	Fitness	Accuracy	Numerosity	AveMatchSetSize	TimeStampGA	InitTimeStamp	Specificity	DeletionProb	CorrectCount	MatchCount
#	#	#	1	0	1	1	0.09582607506290511	0.6256	3	179.31838213480773	4981	0	0.5	9293.3589521131	391	625
0	1	#	1	#	#	1	1.0	1.0	39	191.09528927432547	4979	1	0.5	166788.89051560606	626	626
#	0	#	0	0	#	0	0.23857098498326276	0.7507987220447284	3	167.2895554385239	4921	3	0.5	508.73229111808087	470	626
#	#	#	#	0	0	0	0.23793817536009593	0.7504	8	174.73557521872144	4989	5	0.3333333333333333	28546.442324104435	938	1250
#	#	1	0	1	#	1	0.095367431640625	0.625	2	168.59517328974266	4936	8	0.5	4092.687068815497	390	624
#	1	#	#	1	#	1	0.03125	0.5	1	176.00729379506924	4979	19	0.3333333333333333	3231.0667706393074	623	1246
#	1	0	#	1	#	0	0.0315016090063042	0.5008025682182986	1	167.4014173799728	4980	31	0.5	2970.8093078419015	312	623
1	#	#	#	0	0	0	1.0	1.0	27	179.42202087986257	4989	32	0.5	77677.95997121256	622	622
1	#	#	1	#	1	1	0.23666642889327236	0.7495961227786753	2	170.31145005204368	4981	42	0.5	340.62290010408736	464	619
0	#	0	#	#	0	0	0.23794226017771394	0.750402576489533	4	175.4872500527144	4971	43	0.5	701.9490002108575	466	621
#	#	#	#	0	1	1	0.03125	0.5	1	158.1221932748011	4981	48	0.3333333333333333	2814.42220494672	619	1238
0	#	#	1	#	1	1	0.2392277300107553	0.7512116316639742	3	197.68962045495923	4928	48	0.5	591.2325958826215	465	619
#	#	#	#	0	#	0	0.09563724474975514	0.6253532498990715	3	168.15778785497477	4989	49	0.16666666666666666	9398.524287087821	1549	2477
#	1	#	1	1	#	1	0.2392277300107553	0.7512116316639742	5	181.92946216461357	4979	50	0.5	10986.583797145995	465	619
0	1	#	#	#	#	1	0.03125	0.5	1	177.69894238163002	4979	50	0.3333333333333333	3208.53195901258	621	1242
#	#	#	0	0	#	0	0.23826388062028334	0.7506053268765133	2	161.973191723159	4989	57	0.3333333333333333	334.6508283884216	930	1239
0	0	0	#	#	#	0	1.0	1.0	37	179.70962493887177	4971	75	0.5	142389.6044475493	615	615
#	#	#	1	#	1	1	0.2395696462726769	0.7514262428687857	7	190.3656661413523	4981	83	0.3333333333333333	22034.239425537846	922	1227
0	#	#	1	#	#	1	0.23795058991439386	0.7504078303425775	17	191.61399260930605	4979	91	0.3333333333333333	134442.74324046823	920	1226
#	0	1	0	#	#	1	0.2373046875	0.75	9	163.11885043512842	4966	93	0.5	31478.061918084728	459	612
#	1	1	1	#	#	1	0.23795058991439386	0.7504078303425775	2	185.37388533386934	4979	94	0.5	376.1167395854271	460	613
#	#	0	1	1	#	0	0.007275704283295278	0.3735725938009788	1	163.84689561143063	4971	95	0.5	12510.453489530895	229	613
1	0	0	0	#	0	1	0.030242020769037464	0.49673202614379086	1	180.09821540236322	4904	104	0.8333333333333334	3446.6890127474	76	153
0	#	0	#	#	#	0	0.23665808110665365	0.7495908346972177	14	174.80973521620612	4980	107	0.3333333333333333	82233.81369419632	916	1222
#	1	1	#	#	1	1	0.23665808110665365	0.7495908346972177	4	179.3036955018241	4956	111	0.5	680.5184775091205	458	611
0	1	#	#	0	0	0	0.03125	0.5	1	169.69960904641295	4738	130	0.6666666666666666	3167.578559125009	152	304
#	1	#	1	#	#	1	0.23697934522992561	0.7497942386831276	7	181.6406246528181	4981	138	0.3333333333333333	21436.355544191603	911	1215
0	#	1	1	#	#	1	1.0	1.0	32	202.04050265725712	4979	144	0.5	121013.62668300053	607	607
#	#	1	0	#	#	1	0.030992587893990356	0.4991735537190083	3	158.89566947750433	4966	157	0.3333333333333333	25954.820066871256	604	1210
#	1	1	#	1	#	0	0.03125	0.5	1	176.9184840102444	4969	158	0.5	3276.6245831622036	302	604
#	1	0	#	#	#	0	0.03125	0.5	1	167.356919831176	4980	159	0.3333333333333333	3082.0757517775737	606	1212
#	1	#	#	1	1	1	0.23664951206490956	0.7495854063018242	2	182.65506200888038	4956	161	0.5	364.13765502220093	452	603
#	0	#	#	#	1	1	0.03125	0.5	1	167.7718048494127	4996	170	0.3333333333333333	3183.5581848632946	602	1204
#	#	1	#	0	1	1	0.0955256915321746	0.6252072968490879	2	159.18353362387384	4966	175	0.5	3531.124821776617	377	603
1	#	#	1	0	1	0	0.03073433475919105	0.4983388704318937	1	157.62182352177086	4977	177	0.6666666666666666	2968.2195954880294	150	301
0	#	#	1	#	0	1	0.23862158042165266	0.7508305647840532	7	179.75363797070392	4979	178	0.5	21295.824216626726	452	602
0	#	#	0	1	#	0	0.2373046875	0.75	5	164.8248171677223	4980	188	0.5	10049.85491334842	450	600
#	0	1	#	1	#	1	1.0	1.0	30	186.4122007514881	4936	200	0.5	97100.2483680374	599	599
#	0	0	0	#	#	0	0.23664514180614574	0.7495826377295493	3	172.04361121104446	4921	203	0.5	535.7044275517709	449	599
1	#	1	#	0	1	0	0.03125	0.5	1	132.365734225518	4879	207	0.6666666666666666	2451.4839201681884	149	298
0	#	#	#	#	#	1	0.03138075295533349	0.5004177109440268	1	177.4056426402299	4979	208	0.16666666666666666	3169.4366193919454	1198	2394
#	1	#	1	#	1	1	1.0	1.0	25	193.57714138230602	4981	211	0.5	68964.30868987586	598	598
#	1	#	#	#	#	0	0.031380862463365126	0.5004180602006689	3	173.35237075632762	4989	222	0.16666666666666666	28555.671907047636	1197	2392
1	#	0	0	0	#	0	0.23598486492701679	0.7491638795986622	1	163.79975182787467	4921	249	0.6666666666666666	173.4370152888177	224	299
#	0	#	0	#	#	0	0.03151393431094692	0.5008417508417509	1	167.93540573221821	4921	249	0.3333333333333333	3138.3877823927564	595	1188
#	#	#	0	0	0	0	0.5153724705671044	0.8758389261744967	5	179.3857731692529	4989	250	0.5	929.5485661059855	522	596
#	1	#	0	0	#	0	0.2373046875	0.75	1	157.143622557245	4989	250	0.5	159.26488780711912	447	596
0	1	#	#	1	#	0	0.03098739644777246	0.4991568296795953	1	178.20485653098166	4980	252	0.5	3268.9864682575753	296	593
#	0	#	#	1	1	1	0.2373046875	0.75	2	180.64029224371316	4996	260	0.5	367.6007306092829	444	592
#	#	#	#	1	1	1	0.23697054972214196	0.7497886728655959	7	183.0989520948627	4996	264	0.3333333333333333	22356.20268934327	887	1183
#	0	1	#	#	#	1	0.23697054972214196	0.7497886728655959	10	172.65458258022232	4966	264	0.3333333333333333	41969.48319229789	887	1183
#	0	#	1	1	0	1	0.23462633247291279	0.7482993197278912	4	166.80416257125913	4967	295	0.6666666666666666	667.2166502850365	220	294
#	1	1	#	#	#	1	0.031117472625352707	0.4995751911639762	1	172.18869946770937	4979	303	0.3333333333333333	3173.129946578621	588	1177
0	#	#	#	#	#	0	0.03131668798255885	0.5002132196162047	2	177.4056426402299	4980	308	0.16666666666666666	12596.824956140135	1173	2345
0	1	#	0	#	#	0	1.0	1.0	25	157.2234740789835	4980	329	0.5	61828.38848081148	583	583
#	#	1	#	#	#	1	0.09475109959439905	0.6241900647948164	2	173.02786483616455	4979	367	0.16666666666666666	4202.437346982595	1445	2315
#	1	#	0	1	#	0	0.2373046875	0.75	3	161.6716829849855	4980	380	0.5	485.01504895495646	432	576
#	#	0	#	#	#	0	0.09524326609245283	0.6248371689101172	3	168.67214142573349	4980	395	0.16666666666666666	9441.708713591772	1439	2303
#	#	1	#	0	1	0	0.007372806527756832	0.37456445993031356	1	159.18353362387384	4879	399	0.5	11282.118500962022	215	574
#	#	#	1	#	#	1	0.09574135593757932	0.6254893431926924	9	182.41516971692303	4981	400	0.16666666666666666	88789.79090044888	1438	2299
1	1	1	#	#	#	0	0.031800162533240244	0.5017482517482518	1	161.19348354381003	4989	414	0.5	2964.862074958896	287	572
1	#	#	#	0	#	0	0.23696006849414203	0.7497820401046208	14	164.1648010818204	4989	416	0.3333333333333333	81881.59515468401	860	1147
#	0	0	#	#	#	0	0.23765152270458337	0.7502191060473269	12	169.55449110356423	4977	427	0.3333333333333333	61079.35832074965	856	1141
#	1	1	1	1	#	1	0.23869568420059764	0.7508771929824561	1	191.7651445900413	4979	435	0.6666666666666666	191.7651445900413	214	285
#	1	1	0	#	1	0	0.03125	0.5	1	134.748285595288	4937	439	0.6666666666666666	2495.6100409209703	142	284
1	0	0	0	#	#	0	0.03125	0.5	1	167.9988611878153	4921	441	0.6666666666666666	3190.1288166744557	143	286
#	1	#	0	#	#	0	0.2373046875	0.75	9	158.90433322675787	4989	450	0.3333333333333333	32095.272614850543	852	1136
#	0	#	0	1	1	1	0.2373046875	0.75	3	179.9488730192283	4996	452	0.6666666666666666	548.8082738221062	213	284
#	0	#	#	1	#	1	0.2369564270852916	0.7497797356828194	9	167.92240137806974	4996	456	0.3333333333333333	33267.30509487975	851	1135
#	0	0	#	#	1	0	0.2366079625334324	0.7495590828924162	3	166.30751094418164	4977	459	0.5	508.8164575508515	425	567
#	#	#	1	1	#	1	0.23800305278347153	0.7504409171075838	2	181.4008191433217	4979	467	0.3333333333333333	361.00204785830425	851	1134
#	1	#	#	1	#	0	0.03125	0.5	1	176.00729379506924	4980	479	0.3333333333333333	3203.8971765340807	565	1130
#	0	#	#	#	#	1	0.03138888866989721	0.5004436557231589	3	170.0453508803012	4996	484	0.16666666666666666	28858.955607107175	1128	2254
1	0	#	#	#	#	1	0.03125	0.5	2	169.5584932026814	4996	487	0.3333333333333333	12784.535138309297	564	1128
#	0	#	1	#	#	1	0.031110863978936986	0.49955396966993754	1	173.9070309260437	4967	496	0.3333333333333333	3235.255365467118	560	1121
0	#	1	#	#	#	1	0.2355551766490147	0.748890860692103	10	177.02106939954098	4979	496	0.3333333333333333	42711.3695633938	844	1127
#	0	0	#	0	#	0	1.0	1.0	27	184.09220935521893	4977	497	0.5	81162.92193420559	562	562
0	#	#	0	#	#	0	0.23906771605509994	0.7511111111111111	7	159.89322576250044	4980	500	0.3333333333333333	19170.452616371775	845	1125
#	#	#	0	#	1	1	0.03125	0.5	1	148.64131819387657	4996	511	0.3333333333333333	2725.4621039618705	561	1122
1	#	0	#	1	#	1	0.2373046875	0.75	3	158.4280970150444	4996	516	0.5	468.10536380641645	420	560
#	1	#	#	#	1	1	0.2373046875	0.75	11	173.34702269182955	4981	531	0.3333333333333333	49743.18447212769	837	1116
1	#	0	1	1	#	1	0.23589048004320312	0.7491039426523297	1	154.4574914699455	4967	531	0.6666666666666666	154.4574914699455	209	279
1	0	#	#	1	#	1	1.0	1.0	36	165.56766713398744	4996	551	0.5	123733.1449684367	556	556
#	0	1	1	#	#	1	0.2373046875	0.75	3	185.45979796172247	4887	560	0.5	556.3793938851675	414	552
#	#	#	0	#	#	0	0.0963591271153828	0.6262944619540748	4	163.79634509773362	4989	564	0.16666666666666666	16247.582425276985	1391	2221
#	#	0	0	#	#	0	0.2365929163048813	0.7495495495495496	3	165.13944123434212	4980	569	0.3333333333333333	523.9705168530917	832	1110
#	0	#	#	0	#	0	0.23802075423174957	0.7504520795660036	13	172.47974745105392	4977	569	0.3333333333333333	73238.56019129015	830	1106
#	0	#	0	1	#	1	0.23658775543365188	0.7495462794918331	2	169.6020494146315	4996	584	0.5	340.0051235365787	413	551
#	#	#	0	1	#	0	0.031108341121889847	0.49954586739327883	1	165.08792130241244	4980	587	0.3333333333333333	3044.0329464347715	550	1101
1	0	#	#	0	#	0	1.0	1.0	26	169.3182394825604	4977	591	0.5	67586.71431750628	551	551
1	1	1	1	#	#	1	0.030681833345493955	0.4981684981684982	1	163.90363163022485	4956	606	0.6666666666666666	3053.65691737826	136	273
1	#	0	#	#	#	0	0.03125	0.5	1	163.30132458614094	4977	607	0.3333333333333333	3151.6251637404225	551	1102
#	#	1	1	#	#	1	0.23621713347686646	0.7493112947658402	6	186.56351533705907	4979	641	0.3333333333333333	16767.127977324264	816	1089
#	1	#	#	#	0	0	0.23803395765514174	0.7504604051565378	10	170.31050438620935	4989	670	0.3333333333333333	41641.89696996413	815	1086
0	1	#	0	#	#	1	0.0	0.0	2	157.2234740789835	692	692	0.5	36584.84525491804	0	540
#	1	#	0	#	0	0	1.0	1.0	27	173.56176822270896	4989	706	0.5	73547.25040207662	536	536
1	0	#	#	1	#	0	0.0	0.0	1	165.56766713398744	708	708	0.5	9547.310568552213	0	536
#	0	#	#	#	#	0	0.03125	0.5	2	170.0453508803012	4977	715	0.16666666666666666	12942.125117928295	1071	2142
#	#	#	1	0	#	1	0.03125	0.5	1	177.55159157040416	4981	731	0.3333333333333333	3215.080277878631	533	1066
#	1	#	0	#	0	1	0.0	0.0	1	173.56176822270896	745	745	0.5	10088.786063384994	0	535
0	#	0	1	#	0	0	0.03066481057996481	0.4981132075471698	2	167.61727585236832	4971	747	0.6666666666666666	12654.412312651344	132	265
#	0	1	#	0	#	1	0.03125	0.5	2	161.16884092383376	4966	750	0.5	11610.456494440496	265	530
0	1	#	#	#	#	0	0.03125	0.5	2	177.69894238163002	4980	756	0.3333333333333333	12611.369021227529	532	1064
0	#	0	0	#	#	0	1.0	1.0	23	174.52393803182053	4980	756	0.5	53433.56784667005	530	530
1	1	#	#	#	1	1	1.0	1.0	30	151.33968053136883	4981	767	0.5	82391.56529504906	528	528
0	1	#	#	#	0	1	0.030954633500942488	0.4990512333965844	1	169.89545853452574	4979	795	0.5	3203.6409724424648	263	527
#	0	0	1	0	#	1	0.0	0.0	1	185.96558915637837	817	817	0.6666666666666666	10763.068095684894	0	260
#	1	#	#	0	1	1	0.23806479157763555	0.7504798464491362	7	158.44944368889043	4981	831	0.5	17873.094428952365	391	521
1	#	#	#	#	#	0	0.03140125818766204	0.5004830917874397	1	165.15186534599218	4989	862	0.16666666666666666	3182.64185706398	1036	2070
#	#	#	0	#	0	0	0.2399917076716006	0.7516908212560387	4	173.71857290003155	4989	873	0.3333333333333333	699.3638507814965	778	1035
#	0	1	0	#	0	1	0.23272365383926907	0.7470817120622568	3	167.327186745548	4910	878	0.6666666666666666	497.72695029580507	192	257
#	#	#	#	#	1	1	0.096132816409376	0.626	2	171.0606698267214	4996	993	0.16666666666666666	4098.678905908813	1252	2000
0	0	1	0	#	#	0	0.0	0.0	1	158.22842218432484	1006	1006	0.6666666666666666	9157.733376203245	0	248
#	1	#	#	0	0	0	0.2373046875	0.75	1	171.48495641670854	4989	1021	0.5	174.13319437672982	375	500
1	1	#	#	#	#	0	0.03172781987687144	0.5015197568389058	1	159.6038775827863	4989	1054	0.3333333333333333	2965.0027947765043	495	987
#	0	#	#	0	1	0	0.23565445268619553	0.7489539748953975	1	157.99385731218794	4977	1167	0.5	159.74232164023493	358	478
1	1	#	#	#	0	0	1.0	1.0	30	168.90045806098126	4989	1182	0.5	86028.60932117888	479	479
0	0	#	1	#	#	0	0.03125	0.5	1	188.5233648335318	4971	1187	0.5	3491.5531589013517	237	474
#	#	#	0	1	0	0	0.09779601939975707	0.6281512605042017	1	164.51066088386838	4969	1193	0.5	164.51066088386838	299	476
0	0	1	#	#	#	1	1.0	1.0	34	175.50889971417692	4966	1198	0.5	117424.97470721003	473	473
#	1	#	0	#	1	0	0.030921055562853097	0.4989429175475687	1	137.38187742237923	4980	1207	0.5	2606.3454395709246	236	473
#	0	0	#	0	#	1	0.0	0.0	1	184.09220935521893	1209	1209	0.5	11133.459798930806	0	473
0	1	1	#	#	#	1	0.03125	0.5	1	175.89172908788308	4979	1216	0.5	3217.3613204954668	237	474
1	#	#	#	1	#	1	0.2373046875	0.75	12	163.46330279998352	4996	1220	0.3333333333333333	57111.53612212835	708	944
0	#	#	0	#	1	0	0.23814918731316767	0.7505330490405118	4	149.40973614370833	4980	1227	0.5	597.6389445748333	352	469
1	#	#	0	1	#	1	0.2373046875	0.75	5	165.79959421518646	4996	1284	0.5	10112.096898240869	348	464
0	0	#	#	#	#	1	0.03141965215264807	0.5005417118093174	2	174.36554867723214	4966	1296	0.3333333333333333	12847.623379720475	462	923
1	#	#	#	#	0	0	0.23773257178747584	0.7502702702702703	13	173.89461766733274	4989	1310	0.3333333333333333	71693.15487848346	694	925
#	#	#	#	1	#	1	0.09495351112150313	0.6244565217391305	3	174.27612742454144	4996	1316	0.16666666666666666	9493.586634177185	1149	1840
1	#	#	0	1	1	1	1.0	1.0	5	173.87625641430088	4996	1348	0.6666666666666666	876.7266025893805	228	228
1	#	1	#	1	#	1	0.23469696901276463	0.7483443708609272	2	172.9566231499321	4956	1370	0.5	345.9132462998642	339	453
1	1	#	#	#	#	1	0.030905080642982044	0.49889135254988914	1	159.6038775827863	4981	1391	0.3333333333333333	3011.9722406312676	450	902
#	0	#	0	#	1	1	0.030902007925951786	0.4988814317673378	1	161.70059485701253	4996	1416	0.5	3041.89279556978	223	447
#	#	0	#	#	0	0	0.23864538853525782	0.7508455467869222	3	178.83120500836236	4971	1451	0.3333333333333333	524.3670187813589	666	887
1	#	#	#	1	1	1	1.0	1.0	25	176.87102683515928	4996	1505	0.5	64781.63450833452	435	435
1	1	#	0	#	#	1	0.03054301570680846	0.4977168949771689	1	159.30104533111268	4911	1505	0.5	3058.877021470423	218	438
#	0	#	1	0	#	0	0.2363884542801302	0.7494199535962877	2	179.78785730921106	4977	1548	0.5	359.5757146184221	323	431
#	#	#	0	1	1	1	0.09626205418649088	0.6261682242990654	2	168.33558410172932	4996	1553	0.5	4078.8607567473828	268	428
#	#	#	0	#	1	0	0.03125	0.5	1	148.64131819387657	4980	1588	0.3333333333333333	2697.3826240085496	426	852
#	1	#	#	0	#	1	0.03125	0.5	1	168.01373234709988	4981	1599	0.3333333333333333	3021.4086454594762	426	852
0	#	#	#	#	0	1	0.03106596046504646	0.49940968122786306	1	170.04852274741773	4979	1616	0.3333333333333333	3196.545293978853	423	847
1	#	#	#	#	1	1	0.2373046875	0.75	5	156.47368496937912	4996	1633	0.3333333333333333	9845.812031714915	630	840
1	#	#	1	0	#	0	0.2392215166908064	0.751207729468599	1	164.02381262233925	4977	1679	0.5	165.02976577792407	311	414
1	#	0	1	0	#	0	0.23157296101708014	0.7463414634146341	1	169.02477466418273	4977	1713	0.6666666666666666	169.02477466418273	153	205
0	#	1	0	#	#	1	0.030081180709720226	0.4962025316455696	1	150.0310207878323	4966	1838	0.5	2831.4149781432484	196	395
#	1	#	#	#	#	1	0.03125	0.5	1	173.35237075632762	4981	1994	0.16666666666666666	3203.5576612565796	751	1502
0	0	#	#	#	#	0	0.0310391370729514	0.4993234100135318	2	174.36554867723214	4971	2027	0.3333333333333333	13005.12500171329	369	739
#	1	0	#	#	1	1	0.2373046875	0.75	3	160.90127555477494	4981	2054	0.5	487.7872291630075	276	368
#	0	1	1	0	#	0	0.03038679376614524	0.4972067039106145	1	170.86125789993184	4949	2127	0.6666666666666666	3254.334712763027	89	179
#	0	0	1	#	#	0	0.23842722422517254	0.7507082152974505	4	168.5525326433887	4977	2155	0.5	674.2101305735548	265	353
#	#	0	#	0	#	0	0.23619267124111873	0.7492957746478873	3	167.56193346569324	4977	2161	0.3333333333333333	542.3550789005463	532	710
1	1	#	1	#	#	0	0.03125	0.5	1	159.2037044253609	4958	2181	0.5	2987.1608487786475	176	352
1	0	#	1	#	#	0	0.03125	0.5	1	166.32914206675218	4977	2225	0.5	3080.5043285394695	172	344
1	#	#	0	#	0	0	0.23959968673035922	0.7514450867052023	1	180.15470151605086	4989	2237	0.5	178.67922111882947	260	346
#	1	#	1	0	#	1	0.2350273081276006	0.7485549132947977	2	175.02516989385026	4981	2240	0.5	335.6920698978526	259	346
1	#	1	0	1	#	1	0.23494581272576515	0.7485029940119761	1	175.68649547674178	4836	2318	0.6666666666666666	175.68649547674178	125	167
0	#	#	0	#	0	0	0.2373046875	0.75	1	167.06784891787362	4909	2370	0.5	170.334811147342	246	328
1	#	1	#	0	#	0	0.2373046875	0.75	1	157.43484039777735	4989	2375	0.5	151.92943812152708	246	328
0	#	0	#	0	#	0	0.23246189771549627	0.7469135802469136	1	182.30687517358402	4940	2393	0.5	182.30687517358402	242	324
0	#	0	#	1	#	0	0.2334895791260084	0.7475728155339806	3	169.83962614489172	4980	2539	0.5	498.1485980433439	231	309
0	#	#	1	1	1	1	0.2373046875	0.75	1	197.67764252654212	4600	2566	0.6666666666666666	200.84705315817763	114	152
#	#	#	1	1	1	1	0.5165953765397767	0.8762541806020067	1	193.3301379724457	4956	2588	0.5	195.41267246555714	262	299
#	0	#	1	1	#	1	0.23598486492701679	0.7491638795986622	1	171.2358738803198	4967	2599	0.5	171.2358738803198	224	299
0	1	0	#	#	#	0	0.03125	0.5	1	173.18187009839738	4980	2676	0.5	3098.717658384917	145	290
#	#	#	0	1	#	1	0.030165037047898195	0.4964788732394366	1	165.08792130241244	4996	2724	0.3333333333333333	3181.8746399339784	282	568
#	0	0	#	#	0	0	0.24012300134298675	0.75177304964539	5	176.473235015208	4971	2731	0.5	10633.802507832414	212	282
#	0	#	0	0	0	0	0.2373046875	0.75	1	185.68361614824602	4921	2759	0.6666666666666666	188.85452018530754	105	140
#	#	0	1	1	1	1	0.24309233458977172	0.7536231884057971	1	173.69875298876056	4883	2771	0.6666666666666666	170.8734412359507	104	138
#	#	#	1	1	0	1	0.09642004209632181	0.6263736263736264	1	164.8214642320199	4979	2802	0.5	164.8214642320199	171	273
#	#	0	1	#	#	1	0.03125	0.5	1	167.90481879473683	4981	2843	0.3333333333333333	3058.8034434079027	270	540
1	#	0	#	0	#	0	0.23584883491857075	0.7490774907749077	4	164.95112195388373	4977	2848	0.5	702.7431402647168	203	271
#	0	#	#	0	0	0	0.2373046875	0.75	1	185.7635426861669	4949	2848	0.5	188.9544283577086	201	268
#	0	#	#	#	0	1	0.030959033684805817	0.49906542056074765	1	173.5037856090697	4967	2855	0.3333333333333333	3215.7151439488343	267	535
1	1	#	0	#	#	0	0.03183518972749069	0.5018587360594795	1	159.30104533111268	4989	2857	0.5	2934.003009240266	135	269
1	1	1	1	#	#	0	0.032608494584992084	0.5042735042735043	1	163.90363163026763	4958	3102	0.6666666666666666	3053.6569173792504	59	117
#	#	#	#	#	0	0	0.0964827094815025	0.6264550264550265	3	171.9457692765195	4989	3113	0.16666666666666666	9496.851167483825	592	945
#	1	0	#	0	1	1	0.2373046875	0.75	1	150.16094489370295	4981	3135	0.6666666666666666	156.7011811171287	87	116
#	#	#	1	#	0	1	0.03125	0.5	1	169.61735042162732	4979	3187	0.3333333333333333	3130.4721327225366	225	450
#	#	1	#	0	0	0	0.09705232688845088	0.6271929824561403	1	168.95349715082025	4989	3197	0.5	171.38646765336972	143	228
0	0	#	#	1	#	1	0.03125	0.5	1	177.8641114294942	4936	3287	0.5	3294.1381067816274	106	212
1	#	#	#	1	0	0	0.03125	0.5	1	155.4462674805191	4969	3294	0.5	2878.947692983754	107	214
#	1	#	#	1	0	0	0.23532385812437429	0.7487437185929648	4	163.80852926590643	4969	3422	0.5	655.2341170636257	149	199
1	1	#	#	1	#	1	0.028744658863218614	0.49171270718232046	1	160.31986241390885	4956	3548	0.5	3228.0010717069945	89	181
1	0	#	#	0	#	1	0.0	0.0	1	169.3182394825604	3569	3569	0.5	9998.034662353002	0	179
0	#	1	#	1	#	1	0.23959968673035922	0.7514450867052023	2	187.0093819850942	4979	3607	0.5	374.0187639701884	130	173
1	1	#	#	1	#	0	0.033109607206104064	0.5058139534883721	1	160.31986241390885	4969	3614	0.5	2802.4430806057812	87	172
0	#	0	#	1	0	0	0.23207791712921816	0.7466666666666667	1	167.8489866534898	4971	3819	0.6666666666666666	167.8489866534898	56	75
#	1	#	0	0	1	1	0.03125	0.5	1	128.23810512134364	4911	3823	0.6666666666666666	2565.640860306892	37	74
#	#	1	1	1	#	1	0.5077696089425827	0.8732394366197183	2	192.27178680108403	4979	3864	0.5	384.54357360216807	124	142
#	#	1	#	1	1	1	0.5182405834125324	0.8768115942028986	2	199.5584324932072	4956	3868	0.5	399.1168649864144	121	138
0	#	1	#	#	0	1	0.2343894319142217	0.7481481481481481	2	171.1589190373648	4979	3920	0.5	346.62162199176504	101	135
0	#	1	#	0	#	1	0.2285166075749525	0.7443609022556391	1	169.59913878418212	4966	3950	0.5	159.59206793785566	99	133
0	#	#	0	0	#	0	0.2266170619465376	0.7431192660550459	1	158.78033815787188	4738	4121	0.5	159.97542269733984	81	109
#	#	1	1	#	1	1	0.5232634250386726	0.8785046728971962	2	201.76493270661794	4956	4124	0.5	396.41233176654487	94	107
#	#	0	#	0	0	0	0.5313040963279748	0.8811881188118812	1	190.72100005265293	4921	4192	0.5	189.65125006581616	89	101
0	#	1	#	#	1	1	0.2373046875	0.75	1	185.91763397302472	4966	4224	0.5	178.3970424662809	72	96
1	1	#	#	#	0	1	0.0	0.0	2	168.90045783544417	4382	4382	0.5	38234.93739449616	0	79
#	#	1	#	1	#	1	0.23376289008649898	0.7477477477477478	1	181.47285852933607	4979	4552	0.3333333333333333	181.47285852933607	83	111
#	1	1	#	#	0	0	0.23020027395048778	0.7454545454545455	1	167.0829186297422	4989	4574	0.5	169.70882544871523	41	55
#	0	0	#	0	0	1	0.0	0.0	1	206.0742775200948	4576	4576	0.6666666666666666	11926.89191467965	0	26
#	#	1	0	#	0	0	0.10979242280002384	0.6428571428571429	1	166.75767113210404	4989	4669	0.5	167.99636114391257	27	42
0	#	1	0	#	0	1	0.01734152991583261	0.4444444444444444	1	158.5651127841587	4910	4718	0.6666666666666666	159.7063909801984	8	18
#	#	0	#	0	1	1	0.008416533573215765	0.38461538461538464	1	155.67753723382216	4981	4789	0.5	12882.06401009442	10	26
#	#	1	#	#	#	0	0.007814379118120884	0.37894736842105264	1	173.02786482465555	4989	4808	0.16666666666666666	15078.4208204098	36	95
#	1	#	1	#	#	0	0.0013484773662551439	0.26666666666666666	1	181.640203658747	4958	4827	0.3333333333333333	74579.03581799194	12	45
1	#	0	0	1	#	1	0.13168724279835387	0.6666666666666666	1	160.95999999999998	4996	4904	0.6666666666666666	159.2	4	6
0	0	1	#	#	#	0	0.0	0.0	1	177.54335999999998	4910	4910	0.5	177.54335999999998	0	9
0	1	#	1	#	#	0	0.0	0.0	1	190.728	4955	4955	0.5	188.75	0	7
#	0	1	#	#	#	0	0.0009765625	0.25	1	170.0	4966	4966	0.3333333333333333	169.0	1	4
