Performance Statistics:------------------------------------------------------------------------
Training Accuracy	Testing Accuracy	Training Coverage	Testing Coverage
0.5459702064487979	NA	0.9985042735042735	NA

Population Characterization:------------------------------------------------------------------------
MacroPopSize	MicroPopSize	Generality
2972	3000	0.6096375000000004

SpecificitySum:------------------------------------------------------------------------
A_0	A_1	A_2	A_3	A_4	A_5	A_6	A_7	A_8	A_9	A_10	A_11	A_12	A_13	A_14	A_15	A_16	A_17	A_18	A_19	A_20	A_21	A_22	A_23	A_24	A_25	A_26	A_27	A_28	A_29	A_30	A_31	A_32	A_33	A_34	A_35	A_36	A_37	A_38	A_39	A_40	A_41	A_42	A_43	A_44	A_45	A_46	A_47	A_48	A_49	A_50	A_51	A_52	A_53	A_54	A_55	A_56	A_57	A_58	A_59	A_60	A_61	A_62	A_63	A_64	A_65	A_66	A_67	A_68	A_69	A_70	A_71	A_72	A_73	A_74	A_75	A_76	A_77	A_78	A_79
1618	1084	1266	1174	1284	1116	1112	1187	1170	1153	1259	1181	1078	1106	1293	1211	1250	1208	1080	1295	1365	1270	1226	1239	1096	1110	1257	1023	1204	1074	1053	1062	1032	1038	1296	1042	1139	1212	1236	1146	1137	1177	1214	1062	1097	1019	1202	1050	1215	1188	1227	1181	1327	1076	1127	1178	1227	1078	1142	1088	1171	1226	1108	1090	1094	1238	1202	1075	1328	1138	1321	1072	1169	1109	1135	1142	1266	1012	1410	1124

AccuracySum:------------------------------------------------------------------------
A_0	A_1	A_2	A_3	A_4	A_5	A_6	A_7	A_8	A_9	A_10	A_11	A_12	A_13	A_14	A_15	A_16	A_17	A_18	A_19	A_20	A_21	A_22	A_23	A_24	A_25	A_26	A_27	A_28	A_29	A_30	A_31	A_32	A_33	A_34	A_35	A_36	A_37	A_38	A_39	A_40	A_41	A_42	A_43	A_44	A_45	A_46	A_47	A_48	A_49	A_50	A_51	A_52	A_53	A_54	A_55	A_56	A_57	A_58	A_59	A_60	A_61	A_62	A_63	A_64	A_65	A_66	A_67	A_68	A_69	A_70	A_71	A_72	A_73	A_74	A_75	A_76	A_77	A_78	A_79
1117.9835573432358	732.4696378156973	862.0858654937282	826.9915903004352	885.8786761469103	748.3144334516494	750.1903184432944	819.1139033145881	841.2905674216018	783.5111084326919	871.9731368337004	839.935141104427	744.9768032130925	759.6320914815458	890.514197811992	830.8606095770248	860.7628247533987	836.0175379717859	742.8851951172395	913.8106537775145	928.9605263211228	900.2317700366199	842.8885744565657	855.0726442602681	759.9464886522076	764.1719356578269	869.3004750755304	684.4106779246695	819.580220003824	713.937441274202	732.8012431912147	723.3204782476926	703.37163186627	721.5293796006038	912.6509297840311	722.2526975349706	733.2891320315316	820.7690093658231	851.3581979308228	784.2570653781883	770.8045935327109	787.6460279570285	827.9259481661003	724.0660325956658	746.1136908980016	699.6882959204796	833.8253299836725	734.9774613943471	814.1014351245458	829.6898045472104	828.0218008810193	815.1652722625734	915.7244632124937	756.4716511633553	744.1721327654832	813.0077743784547	839.884237839423	739.7453855729665	767.0340663352987	738.7070090325919	818.8845155326709	858.4262722733095	780.6171374512633	749.9332962608694	769.1806307496129	834.5996400060712	851.1770825953112	749.220070130932	912.6519974720986	797.0483193989699	881.0785445385991	741.3437066051122	816.9279905557942	756.2691204917436	770.1205236486231	788.8113660291067	886.4009266971523	692.2776353213186	982.38926616169	761.9457202349454

Run Time(in minutes):------------------------------------------------------------------------
Global Time	3.4834099610646567
Matching Time	1.376946473121643
Deletion Time	0.5483269810676574
Subsumption Time	0.15339815616607666
Selection Time	0.004521056016286214
Evaluation Time	1.307532509167989

CorrectTrackerSave:------------------------------------------------------------------------
0	1	1	0	1	1	0	0	1	1	0	1	0	0	0	1	1	1	1	0	1	0	1	1	0	1	1	0	1	0	0	0	1	1	1	1	1	0	1	1	1	1	0	0	1	0	1	1	0	1	1	1	0	1	1	0	1	0	1	0	1	1	1	1	1	0	1	0	1	0	0	1	1	0	1	0	1	0	0	0	1	1	1	0	0	0	1	1	1	0	0	1	1	1	1	0	1	1	0	1	1	1	0	1	1	0	1	0	0	1	1	0	1	1	1	1	1	0	0	1	1	1	0	1	1	1	0	1	1	1	1	0	1	1	1	1	1	0	1	1	1	0	1	1	0	1	1	1	1	1	1	1	0	1	0	1	0	0	1	0	0	1	1	1	1	0	1	0	0	1	1	1	1	1	0	1	1	0	0	1	1	0	1	1	1	1	1	1	1	1	0	0	1	1	1	0	0	1	1	1	1	1	0	1	0	1	0	1	0	1	1	1	1	1	1	1	1	0	1	0	1	1	0	0	1	1	1	1	1	1	0	0	1	1	0	1	1	1	1	1	1	1	1	1	0	0	1	1	0	0	0	1	1	0	0	1	1	1	0	1	1	1	0	1	1	1	0	0	0	1	0	1	1	0	1	1	1	1	1	1	1	0	1	1	1	1	1	1	1	1	0	1	1	1	1	1	0	1	0	0	1	1	1	1	1	0	1	0	0	1	0	1	0	1	1	1	1	1	1	1	0	1	1	1	0	0	1	1	1	1	0	1	1	1	1	0	0	1	0	1	1	1	1	0	1	0	1	1	1	0	1	1	1	0	1	1	1	0	1	0	1	0	0	1	0	1	1	1	0	1	1	1	1	1	0	1	1	1	1	0	1	1	0	1	0	1	1	1	1	0	1	1	0	0	0	0	1	1	0	0	1	1	1	1	1	1	1	1	1	1	1	1	0	1	0	1	0	1	0	0	1	0	1	1	1	0	1	1	0	1	1	1	1	0	1	1	1	0	1	0	0	1	1	0	1	0	1	1	0	0	0	1	1	0	0	0	0	1	1	0	0	0	0	1	1	1	1	1	1	1	1	0	0	1	1	1	1	1	0	1	0	1	1	0	1	1	1	1	1	1	1	1	1	1	1	1	0	0	0	1	1	1	1	0	1	0	1	1	0	0	0	1	0	0	1	0	1	1	0	1	1	1	1	0	0	1	0	0	0	0	0	1	1	1	0	1	1	1	0	1	1	1	0	0	0	0	1	1	0	1	0	0	1	1	0	1	1	1	0	1	0	1	1	0	0	1	1	0	0	1	1	1	1	0	1	1	1	1	1	1	1	1	1	1	1	0	1	1	1	1	1	0	1	1	0	1	0	0	1	1	1	0	1	0	1	1	0	1	0	0	0	1	0	1	1	1	1	0	1	0	1	1	1	0	1	1	0	1	1	1	0	0	1	0	0	0	1	1	1	1	0	1	1	0	0	1	1	1	0	1	0	1	0	0	1	1	0	1	0	1	1	0	0	1	0	0	1	1	1	1	1	0	1	1	1	1	1	0	1	1	0	1	1	1	0	1	1	0	1	0	1	1	1	1	1	0	1	1	1	0	1	1	1	0	1	1	1	0	0	0	1	0	0	1	1	1	0	1	1	0	1	0	0	0	0	1	1	1	1	1	0	0	1	0	1	1	0	1	0	0	0	0	1	1	0	1	1	0	0	0	1	1	1	1	0	1	0	0	1	1	0	0	0	0	1	1	0	0	0	1	0	1	0	0	0	1	1	0	0	0	0	1	0	1	1	1	0	1	1	0	0	0	1	0	1	0	0	1	1	0	1	1	0	1	1	0	1	1	1	1	1	1	0	0	0	1	1	1	1	1	0	0	1	0	1	1	0	1	0	0	0	1	1	1	1	0	1	0	1	1	1	1	1	1	1	1	1	0	0	0	0	0	0	1	1	1	1	1	1	1	1	1	1	1	0	0	0	1	1	1	1	1	1	1	0	1	0	1	1	0	0	1	1	1	0	1	1	1	1	1	0	0	1	1	1	1	1	1	0	0	0	1	1	1	1	0	1	0	1	0	0	0	0	0	1	1	0	0	1	1	1	0	0	1	1	0	0	0	1	0	0	0	0	1	0	1	1	1	0	1	1	1	1	0	1	0	1	1	1	1	1	1	0	1	0	0	0	1	0	1	0	0	0	0	1	1	1	1	0	1	1	1	1	1	0	0	0	1	0	1	1	0	1	1	0	1	0	1	1	1	1	1	0	1	0	1	1	1	0	1	0	0	1	0	0	0	0	0	0	0	1	1	0	0	0	1	1	1	1	1	0	1	1	1	1	1	1	0	1	1	1	1	1	0	0	1	0	1	1	1	1	0	1	0	0	1	1	1	1	1	1	0	1	1	0	1	1	1	1	0	0	0	1	0	1	0	1	0	0	1	1	1	0	1	1	1	1	1	0	0	1	1	1	1	0	0	1	1	1	0	1	1	1	1	1	1	0	1	0	1	0	0	1	0	1	1	1	0	0	1	0	1	0	0	1	1	1	0	1	1	1	0	1	0	0	1	1	1	1	1	1	0	1	0	0	0	0	0	1	0	0	0	1	1	1	1	1	1	0	1	0	0	1	1	0	1	0	1	0	1	1	1	1	0	0	0	0	1	0	1	1	1	1	1	0	1	0	0	1	0	1	0	1	0	0	1	1	1	1	0	1	1	0	1	0	1	0	1	0	0	0	1	1	1	1	0	1	1	0	1	0	0	1	0	1	1	1	0	1	1	1	0	1	1	1	0	0	1	1	0	1	1	0	1	1	1	0	0	1	1	0	0	1	1	1	1	0	0	1	0	0	0	0	0	1	1	1	0	1	0	1	1	1	0	0	0	1	1	0	0	1	1	1	1	1	1	1	1	1	0	1	1	1	0	0	1	1	1	0	0	1	0	1	0	0	1	1	0	1	0	1	0	1	0	1	1	0	0	0	1	1	0	1	1	1	1	1	0	0	1	0	0	0	0	0	0	1	1	1	0	1	1	1	1	1	1	0	1	0	0	0	1	0	0	1	0	1	1	1	1	1	1	0	0	1	1	1	1	1	1	1	1	0	1	1	1	0	1	0	1	1	1	0	1	1	0	1	0	1	0	1	0	1	1	1	1	1	1	0	0	1	1	1	1	1	1	1	0	0	0	0	1	1	0	0	0	0	0	1	1	1	1	0	1	0	0	1	0	0	1	1	0	1	0	0	1	1	1	0	1	0	0	1	1	1	0	1	1	1	1	1	0	1	0	0	0	0	1	1	1	0	0	1	1	0	0	1	0	1	1	1	0	0	0	1	1	0	0	1	0	0	0	0	1	1	1	1	0	0	1	0	1	1	0	1	1	1	1	0	0	1	1	0	1	1	0	1	1	0	0	1	1	1	1	0	0	0	1	0	1	0	1	1	0	0	0	1	1	1	1	1	0	0	0	1	1	1	1	1	1	1	0	1	1	0	1	1	0	1	0	0	1	1	1	0	0	0	1	0	0	0	1	1	1	0	0	1	1	0	1	0	0	0	1	1	1	1	0	0	0	1	0	1	0	0	1	1	1	0	0	1	0	0	1	1	0	1	1	0	1	1	1	0	1	1	0	1	0	0	0	0	0	0	0	1	1	0	1	1	0	1	1	0	1	0	0	1	0	1	1	1	0	0	0	1	0	1	1	1	1	1	1	1	1	1	1	1	1	1	1	1	1	1	0	1	1	0	0	0	0	1	1	0	1	1	0	1	1	1	1	0	1	0	0	1	0	1	1	1	0	0	1	1	1	1	0	1	0	1	1	1	1	1	1	1	0	1	1	0	1	1	1	0	1	0	0	0	1	1	1	1	1	1	0	1	0	0	0	1	1	0	0	0	0	0	1	1	0	0	1	0	0	1	1	1	0	1	1	1	1	0	1	1	1	0	1	0	1	0	1	0	1	1	1	1	1	1	1	1	0	1	0	0	1	0	0	0	1	1	0	1	1	0	1	0	1	0	1	0	1	0	1	0	0	1	1	0	1	1	0	0	0	1	0	1	1	1	1	1	1	0	0	0	1	0	1	1	1	1	1	0	1	0	0	1	1	1	0	1	1	0	0	1	0	1	1	1	0	1	0	0	0	1	1	1	1	1	0	0	1	1	1	1	1	0	1	0	1	1	0	1	1	1	1	1	1	1	0	1	1	1	1	0	1	1	0	1	0	1	1	0	1	1	0	1	0	1	0	1	0	1	1	1	1	1	1	1	0	0	0	1	1	1	0	0	1	0	0	0	1	1	0	1	0	0	1	1	1	1	1	1	1	1	1	0	1	1	0	1	0	1	1	0	0	0	1	1	1	1	0	1	1	1	1	0	0	1	0	0	1	0	1	0	1	1	0	1	1	1	0	1	1	1	1	1	0	1	0	0	1	0	0	1	0	0	1	1	1	0	0	0	1	0	1	0	1	1	1	1	1	0	0	0	1	0	1	1	0	1	0	1	1	1	1	1	1	0	1	1	1	0	0	0	1	1	1	1	1	1	1	1	1	1	1	1	1	1	1	1	0	1	0	1	1	1	1	1	0	0	1	1	0	0	0	1	0	1	1	0	1	1	0	1	1	0	0	1	0	1	0	1	0	1	1	1	1	1	0	1	1	1	0	1	1	0	1	0	0	1	1	1	0	0	0	0	1	0	0	1	1	1	1	1	0	1	0	1	0	0	0	1	0	0	0	0	0	1	1	0	0	0	0	0	1	1	1	1	1	1	1	1	1	1	1	1	1	1	0	1	1	1	0	0	1	1	1	0	0	1	1	0	0	0	1	1	1	0	1	1	0	1	1	0	1	0	0	1	1	0	0	1	1	1	1	1	1	0	0	0	1	0	0	1	1	1	0	1	0	1	1	0	1	0	1	0	1	1	1	1	0	1	1	1	1	0	0	1	0	1	1	1	0	1	0	0	0	1	0	1	0	0	1	0	0	0	1	1	0	0	0	1	1	0	1	1	0	0	1	0	1	1	0	1	1	1	0	0	1	0	1	0	0	1	0	1	1	1	1	1	0	1	1	0	1	0	0	1	1	0	1	1	1	0	0	0	1	1	1	0	0	0	1	1	1	1	1	1	0	1	0	1	0	0	1	1	0	1	0	1	0	0	0	1	1	0	1	0	1	0	0	0	0	1	1	0	1	1	0	1	0	1	1	1	1	1	1	1	1	1	0	1	1	1	1	1	0	1	1	0	1	1	1	0	1	1	1	0	0	1	0	1	1	1	0	1	1	1	1	1	1	1	1	1	0	1	0	0	1	1	0	1	1	1	1	0	1	1	1	0	1	0	1	1	1	1	0	0	1	1	0	1	0	0	1	1	1	1	0	0	1	0	1	1	1	1	1	0	0	1	0	0	1	1	0	0	0	0	0	0	1	1	1	0	1	1	0	1	1	0	1	0	0	0	1	0	0	0	1	1	0	1	1	1	1	1	0	0	0	1	0	1	0	1	1	0	1	1	1	0	1	1	1	0	1	0	0	1	0	0	0	1	1	1	1	1	1	1	1	1	1	0	0	1	0	1	1	0	1	1	1	1	1	1	0	0	0	0	1	1	1	1	1	0	1	1	0	1	1	0	1	1	1	1	1	1	1	0	0	1	0	0	1	1	1	1	0	0	1	0	0	1	1	1	1	0	0	1	1	1	1	1	0	1	1	1	1	1	1	0	1	1	0	1	1	1	1	0	1	1	0	0	1	1	1	1	1	1	1	1	0	0	1	1	0	0	1	1	0	0	0	0	1	1	1	1	1	0	1	1	1	1	1	0	0	0	1	0	1	1	1	0	1	1	1	1	1	1	1	0	1	1	1	1	0	0	1	1	1	0	1	0	1	1	1	0	0	1	0	1	0	0	0	0	1	0	0	1	1	0	1	0	1	1	0	0	0	1	1	0	1	1	1	1	1	1	1	1	1	1	0	1	0	1	1	0	1	0	1	0	0	0	1	1	1	1	1	1	1	0	0	1	0	0	1	1	1	1	0	1	0	0	0	1	0	0	1	1	1	1	1	1	1	1	0	1	0	0	1	1	1	1	0	1	0	1	1	1	0	1	1	1	1	1	0	1	1	0	1	1	1	1	1	0	1	1	1	0	1	0	1	1	0	1	0	1	1	1	0	1	0	1	1	0	1	1	0	1	1	1	1	0	0	0	1	0	1	1	0	1	0	0	1	1	0	0	0	1	1	1	1	1	0	1	1	1	1	1	1	1	0	1	1	0	1	1	1	1	0	1	1	1	1	1	0	1	1	1	0	1	1	1	1	0	0	0	1	0	1	0	1	1	1	1	1	0	1	1	1	1	0	1	0	1	1	1	0	1	1	0	1	1	1	1	1	0	0	1	1	1	0	1	1	1	1	1	0	1	1	1	1	1	1	1	0	0	1	0	1	1	0	0	1	1	1	0	1	1	0	0	1	1	1	1	1	1	1	1	1	1	1	1	1	0	1	1	0	1	0	0	1	0	0	0	0	1	1	1	1	1	1	1	0	0	1	1	1	0	1	1	0	0	1	1	1	0	0	1	1	0	0	0	0	1	1	1	1	1	1	1	0	1	0	0	0	1	1	0	1	1	0	0	0	1	1	1	1	0	1	1	1	0	0	1	0	0	0	1	0	1	0	0	0	1	1	1	0	1	1	0	1	1	1	0	0	0	1	1	1	1	1	0	1	0	0	0	1	0	1	1	1	1	1	1	1	1	1	0	0	1	1	0	1	1	1	1	0	1	0	1	0	1	0	1	1	1	0	1	1	1	0	1	0	0	1	0	1	1	1	0	1	0	0	0	1	1	1	1	0	1	1	1	1	1	1	1	1	1	1	0	1	1	0	1	0	0	1	1	1	1	1	1	1	1	1	0	1	0	1	1	1	0	0	1	0	1	0	0	1	0	1	0	0	1	1	0	1	0	0	1	1	1	1	1	1	1	1	1	1	0	1	0	1	1	1	1	1	1	0	1	1	1	1	1	1	1	0	0	0	1	0	0	1	0	1	1	1	0	1	0	1	1	1	1	0	0	1	1	0	1	1	0	0	1	1	0	1	0	1	1	1	1	1	1	1	1	1	0	1	0	1	1	1	1	0	0	1	1	1	1	0	1	1	1	1	1	1	1	0	1	1	0	0	1	0	0	1	0	0	1	1	1	1	1	1	0	1	1	1	0	1	1	1	1	1	1	1	1	1	0	1	0	0	1	1	1	1	1	1	1	0	0	1	1	0	0	0	0	1	1	1	1	0	1	0	1	0	1	1	1	0	1	1	0	1	1	0	0	0	1	1	1	0	0	1	1	0	0	1	1	1	0	0	1	1	0	1	1	1	1	1	1	1	1	1	1	1	1	1	0	1	1	0	0	0	0	1	1	1	0	1	1	0	0	1	0	1	1	1	0	1	1	1	1	1	1	0	1	0	0	1	1	1	1	1	1	0	0	0	1	1	0	1	1	1	0	1	0	0	1	1	0	1	1	0	1	0	1	1	1	1	0	0	1	1	0	1	1	1	1	1	0	0	1	1	1	1	1	1	1	0	1	0	1	0	0	0	1	0	1	1	0	1	1	0	0	1	1	1	1	1	1	1	1	1	1	1	1	1	1	0	1	0	1	1	0	0	1	1	0	0	0	1	1	1	1	1	1	1	1	0	0	0	0	1	1	0	0	1	1	1	1	0	1	0	1	0	1	1	0	1	1	1	0	1	1	1	0	1	1	1	1	1	1	1	0	1	1	0	1	0	0	0	1	0	1	1	0	0	1	0	0	0	1	1	1	1	1	1	1	1	1	0	0	0	1	0	0	1	0	1	0	1	0	0	0	1	1	0	1	1	1	1	1	1	0	1	0	1	1	1	0	1	1	1	1	1	1	0	0	0	0	1	0	0	0	1	0	1	0	1	1	1	0	0	1	1	1	1	1	1	0	1	0	1	1	0	1	1	1	1	1	1	0	1	1	1	1	0	0	1	1	0	1	1	1	1	0	1	1	0	0	1	1	1	0	1	1	0	1	0	0	1	0	1	1	1	0	1	1	1	0	0	0	1	0	0	0	1	0	0	0	1	0	0	0	1	0	1	0	1	1	1	1	1	1	0	1	1	0	1	1	1	0	1	1	1	1	1	0	1	1	1	1	0	1	0	0	1	1	1	0	1	1	0	1	1	1	0	0	1	1	1	0	1	1	0	1	1	1	1	1	0	0	1	1	0	1	1	1	1	1	1	1	0	1	1	1	1	0	1	1	1	0	1	0	0	1	1	0	1	1	1	1	0	1	0	0	1	1	1	1	0	1	1	1	1	1	1	1	1	1	1	0	1	0	1	1	1	0	1	1	0	0	1	1	1	0	1	1	0	0	0	1	1	1	0	1	1	1	1	0	1	1	0	1	1	0	1	0	0	1	1	0	1	1	1	0	1	1	1	1	0	1	0	0	0	1	0	1	1	0	1	1	1	1	0	1	0	1	0	1	0	1	1	0	1	1	0	1	1	0	1	1	1	1	1	1	1	1	0	1	1	1	1	1	1	1	0	1	1	1	0	1	1	1	0	1	1	1	0	1	1	0	1	0	1	1	0	1	1	1	1	1	1	0	0	0	1	0	1	1	1	0	0	1	1	1	1	0	0	0	1	1	1	1	1	0	1	1	1	1	1	1	1	1	0	0	1	0	0	1	1	1	0	1	1	0	1	1	0	1	1	1	1	1	1	1	1	1	0	0	0	0	1	1	1	1	1	1	0	1	1	1	1	1	1	0	0	1	1	0	1	1	1	0	0	1	0	1	1	0	1	1	1	0	1	0	1	0	1	1	0	0	1	1	1	0	1	0	1	1	1	1	1	0	1	1	1	0	0	1	1	0	1	1	0	0	1	1	0	1	1	0	1	1	0	1	1	0	1	0	0	1	0	1	0	0	1	1	0	1	1	1	1	0	1	1	0	1	0	1	0	1	0	0	1	0	1	0	1	1	0	1	1	1	0	0	1	0	1	0	0	1	1	0	0	1	1	1	1	1	0	1	0	1	0	1	1	1	1	0	1	0	1	0	1	1	1	1	1	1	0	1	0	0	1	1	1	1	1	0	1	0	0	0	1	1	0	1	0	0	1	1	0	0	0	1	1	0	0	1	1	1	1	1	1	1	0	1	1	1	0	1	0	1	1	0	0	0	0	0	1	1	1	0	1	0	1	1	1	0	1	1	0	1	1	1	0	1	1	1	0	1	1	0	0	1	0	1	0	1	1	1	0	0	0	0	1	1	1	1	1	0	1	1	0	0	0	0	0	1	0	1	0	1	1	1	1	0	1	0	1	1	1	1	1	1	0	1	1	0	1	0	1	1	0	1	1	1	0	1	0	0	1	0	1	1	1	0	1	1	0	1	1	0	1	1	1	1	0	1	1	1	1	1	1	1	1	1	0	0	0	0	0	1	0	1	1	1	1	0	1	0	1	0	0	1	0	0	1	1	1	0	0	0	1	0	1	1	0	0	1	1	1	1	0	1	1	1	1	1	1	1	1	1	1	1	1	1	1	1	1	0	0	1	1	1	0	0	1	1	0	0	0	1	1	1	0	1	0	0	1	1	0	0	0	0	1	0	1	1	0	1	1	1	1	1	0	1	0	0	1	1	0	1	1	0	0	1	0	0	1	0	1	1	0	1	1	1	0	0	1	1	0	1	1	1	1	1	1	0	0	1	1	1	0	0	1	1	1	0	0	0	1	0	0	1	0	0	0	1	1	1	1	1	0	1	1	0	1	0	1	0	1	1	1	1	0	1	1	0	1	1	1	1	1	0	1	0	1	1	0	1	0	1	1	0	1	1	1	0	1	1	0	1	1	0	0	1	0	0	1	1	1	0	0	1	0	1	1	1	0	1	1	1	1	1	0	1	0	1	0	1	1	1	0	0	1	1	0	0	0	0	0	0	1	1	1	0	0	0	0	1	1	1	1	1	0	0	1	0	1	0	0	1	1	1	0	0	1	1	0	1	1	1	1	1	1	0	1	1	0	1	0	1	1	0	0	0	1	0	1	0	0	1	1	1	0	1	1	0	0	1	1	0	1	1	1	0	0	1	1	0	1	1	0	1	0	0	1	0	0	1	0	1	0	0	1	0	1	1	0	1	0	0	1	0	0	0	0	0	0	1	0	1	1	1	0	1	1	0	0	0	1	1	1	0	0	1	1	0	1	1	0	0	1	1	1	0	1	1	0	1	0	1	0	1	1	1	0	1	0	1	1	0	1	1	1	0	1	0	1	0	1	1	1	1	1	1	0	0	1	0	1	0	1	1	1	0	1	1	1	0	1	0	1	1	1	1	1	1	0	0	0	1	1	0	1	0	0	0	1	1	0	0	1	0	0	1	1	1	1	1	1	1	0	1	0	1	1	0	0	1	1	1	1	1	1	0	0	0	1	1	0	1	1	1	1	1	1	1	1	1	1	0	1	1	1	0	0	1	1	1	1	1	1	1	1	0	0	1	0	1	1	1	0	1	1	1	1	1	1	0	0	1	0	0	1	1	0	1	1	1	1	0	0	1	1	1	1	1	1	1	1	1	0	1	0	0	1	