Performance Statistics:------------------------------------------------------------------------
Training Accuracy	Testing Accuracy	Training Coverage	Testing Coverage
0.5243208243831365	NA	0.9997863247863248	NA

Population Characterization:------------------------------------------------------------------------
MacroPopSize	MicroPopSize	Generality
2971	3000	0.5899791666666665

SpecificitySum:------------------------------------------------------------------------
A_0	A_1	A_2	A_3	A_4	A_5	A_6	A_7	A_8	A_9	A_10	A_11	A_12	A_13	A_14	A_15	A_16	A_17	A_18	A_19	A_20	A_21	A_22	A_23	A_24	A_25	A_26	A_27	A_28	A_29	A_30	A_31	A_32	A_33	A_34	A_35	A_36	A_37	A_38	A_39	A_40	A_41	A_42	A_43	A_44	A_45	A_46	A_47	A_48	A_49	A_50	A_51	A_52	A_53	A_54	A_55	A_56	A_57	A_58	A_59	A_60	A_61	A_62	A_63	A_64	A_65	A_66	A_67	A_68	A_69	A_70	A_71	A_72	A_73	A_74	A_75	A_76	A_77	A_78	A_79
1721	1180	1238	1289	1345	1077	1084	1144	1115	1268	1125	1197	1186	1252	1226	1331	1354	1401	1047	1435	1439	1183	1275	1144	1165	1095	1307	1125	1279	1176	1253	1167	1103	1193	1261	1181	1135	1338	1368	1227	1210	1229	1255	1048	1251	1171	1252	1130	1252	1173	1205	1284	1413	1329	1301	1252	1381	1311	1173	1036	1326	1314	1186	1128	1145	1138	1310	1210	1237	1116	1356	1187	1170	1120	1216	1160	1356	1087	1376	1182

AccuracySum:------------------------------------------------------------------------
A_0	A_1	A_2	A_3	A_4	A_5	A_6	A_7	A_8	A_9	A_10	A_11	A_12	A_13	A_14	A_15	A_16	A_17	A_18	A_19	A_20	A_21	A_22	A_23	A_24	A_25	A_26	A_27	A_28	A_29	A_30	A_31	A_32	A_33	A_34	A_35	A_36	A_37	A_38	A_39	A_40	A_41	A_42	A_43	A_44	A_45	A_46	A_47	A_48	A_49	A_50	A_51	A_52	A_53	A_54	A_55	A_56	A_57	A_58	A_59	A_60	A_61	A_62	A_63	A_64	A_65	A_66	A_67	A_68	A_69	A_70	A_71	A_72	A_73	A_74	A_75	A_76	A_77	A_78	A_79
1100.2031496442387	722.6812852916379	745.1150519796765	807.1436382890585	872.6872263469156	643.1897942515716	656.1928241874793	722.6166703770801	687.4640445521069	785.8273394757573	692.8782236325656	761.8407947817939	721.3080637279448	763.4899558075551	743.2206028274622	811.2981299074181	826.0593798269085	872.9138411795168	635.2608622908308	879.9815790410763	911.4869047489998	738.0384601060867	783.1221711486526	691.9292978114817	718.6402582708731	671.7527405393259	807.650903288126	675.9517562534196	797.6299048058157	690.1459110637688	773.3930830378101	717.8268302239056	667.6098434039452	733.0991584260252	769.8719923622758	717.6751509765996	676.3960709481393	816.0587272888671	864.5196336911018	761.5985305608704	764.3113631509187	754.4025761031243	777.2433429993016	640.1834861085916	769.0093140563537	717.2858554863147	758.9309298671225	680.6763836292248	767.6437330236882	699.430933069717	738.7398561471869	781.5314505834954	864.4680598075322	813.2980595626566	794.8380126074975	764.792882931116	848.4418275515436	806.4663358905569	710.2944723544229	637.5791415173808	808.7346458019829	813.5937399449543	732.705383646151	678.1305208135349	711.723008036611	705.5892971478726	851.8536127615679	740.8316657769229	766.2489030324018	670.0298525608966	815.7102116769073	711.4175369295542	700.462720026018	676.583863194008	717.9487125652345	699.6986725819445	837.8729145382387	628.4318641440308	859.4205148159274	728.3586442290444

Run Time(in minutes):------------------------------------------------------------------------
Global Time	1.6645357966423036
Matching Time	0.657030987739563
Deletion Time	0.20257092714309693
Subsumption Time	0.0648802121480306
Selection Time	0.0022156238555908203
Evaluation Time	0.6865519324938456

CorrectTrackerSave:------------------------------------------------------------------------
0	0	1	0	1	1	1	0	1	1	0	1	0	0	0	1	1	1	1	0	0	0	1	1	1	1	1	1	0	0	1	0	1	0	1	1	1	0	1	1	1	1	0	0	1	0	0	1	0	1	1	0	0	1	1	0	1	0	1	0	1	0	0	1	1	0	1	0	1	0	0	1	0	0	0	0	1	0	0	0	1	1	1	0	0	1	1	1	1	0	0	0	1	1	1	0	1	1	0	1	0	0	0	1	1	0	1	0	0	1	1	0	1	1	1	0	1	0	0	1	1	1	0	1	1	1	0	1	1	0	0	0	1	0	1	1	1	0	0	1	0	0	1	1	0	1	1	0	0	1	1	1	0	1	0	1	0	0	1	0	0	1	1	1	1	0	1	0	0	1	0	1	1	1	0	1	1	0	0	1	1	0	0	1	1	1	1	1	1	1	0	1	1	1	1	0	1	1	0	1	1	0	0	1	0	0	0	1	0	1	1	1	1	1	1	1	1	0	1	0	1	1	0	0	1	1	1	1	1	1	0	0	1	1	0	1	1	1	1	1	1	1	1	1	0	0	1	0	0	0	0	1	1	1	0	0	1	1	1	0	1	1	1	1	1	1	0	0	0	1	0	0	0	0	1	1	1	1	1	1	1	0	0	1	1	1	1	1	0	1	0	0	1	1	1	1	0	0	0	0	1	1	1	1	1	0	1	0	0	1	1	1	0	1	1	1	1	0	1	0	0	1	1	1	1	0	1	1	0	0	0	1	1	1	1	1	0	1	0	0	1	0	1	0	1	0	0	0	1	1	1	1	0	0	1	1	1	0	1	0	0	0	1	0	0	1	1	1	1	1	0	0	1	0	0	1	0	0	1	0	0	0	0	1	0	0	0	1	1	1	1	1	0	0	0	0	0	1	0	1	0	0	0	1	1	0	1	1	1	1	1	0	0	0	0	0	0	0	0	0	0	1	0	0	1	0	0	1	0	0	0	0	0	0	1	1	1	0	0	0	0	1	1	0	1	0	1	0	0	1	0	1	1	0	0	0	0	0	0	1	0	0	0	0	0	0	1	1	0	1	1	0	0	1	1	0	1	0	0	1	0	1	1	1	0	0	1	0	0	0	1	0	1	0	0	1	0	0	0	0	0	0	0	1	0	0	1	0	0	0	0	0	0	0	1	0	1	0	1	0	1	0	1	0	1	1	0	0	0	0	0	1	0	1	0	1	0	1	0	0	0	1	1	0	0	0	0	1	0	1	0	0	1	0	0	0	0	1	0	1	0	1	0	0	1	1	0	1	0	1	1	0	1	0	0	1	0	1	1	0	0	1	0	0	1	0	1	1	1	1	1	0	1	0	0	0	1	0	1	1	0	0	1	0	1	0	1	1	0	0	0	1	1	0	1	1	0	0	1	0	0	0	0	0	1	1	0	1	0	0	0	1	1	0	0	0	0	0	1	1	0	1	1	0	0	0	1	1	0	1	0	1	0	1	0	1	0	0	0	1	1	0	0	0	0	0	0	1	1	1	1	0	1	1	1	1	1	0	1	1	0	0	0	1	0	1	0	0	1	0	1	1	0	1	0	0	1	1	0	1	1	1	0	0	0	1	1	0	0	0	1	0	0	1	1	1	0	1	1	0	1	0	0	0	0	1	1	0	1	1	0	0	0	0	1	1	1	1	0	0	0	1	1	1	0	1	1	0	0	1	1	0	1	0	0	1	0	0	1	1	0	0	0	0	0	1	0	1	0	1	0	0	0	0	1	1	0	0	0	0	0	1	0	1	1	0	1	1	1	1	0	0	0	0	0	0	0	0	1	0	1	0	0	0	1	0	0	0	1	1	1	1	0	0	1	0	1	0	1	1	0	0	0	0	0	0	0	1	1	0	0	1	1	0	1	0	0	0	1	0	0	0	0	0	0	0	1	0	1	0	0	0	0	0	0	0	1	0	1	1	0	1	1	1	1	0	0	1	1	1	1	1	0	0	0	1	1	0	0	1	0	1	1	1	0	1	1	1	1	1	0	0	1	1	0	1	1	1	0	0	0	0	1	0	1	0	1	0	1	0	0	0	0	0	0	1	0	0	0	0	1	0	0	1	1	0	0	0	1	0	0	0	0	0	0	1	1	1	0	1	1	1	0	0	1	1	1	0	0	1	1	1	1	1	0	1	0	1	0	0	0	0	0	0	1	1	0	0	1	1	1	1	1	1	1	0	0	1	0	1	0	0	0	1	0	1	0	0	0	1	0	0	0	1	0	1	1	0	0	1	0	0	0	0	0	0	1	0	0	0	0	1	0	0	0	1	0	1	1	1	0	1	0	1	1	0	0	0	0	0	0	1	1	1	1	1	0	1	1	1	0	0	0	0	0	1	0	0	0	1	1	0	1	0	0	1	1	1	1	0	0	0	0	0	1	0	0	0	0	1	1	1	0	0	0	0	0	1	0	0	0	1	1	0	0	0	1	0	1	0	1	1	1	0	0	0	1	1	0	0	0	1	1	0	0	0	0	0	0	1	0	0	0	1	0	1	0	0	0	1	0	0	1	0	0	1	1	1	1	0	1	0	1	1	0	1	0	1	0	0	0	1	0	1	1	1	0	1	1	1	0	0	1	0	0	1	0	0	1	0	1	1	0	0	0	1	1	1	0	1	1	1	0	1	0	1	0	0	1	0	1	0	1	0	0	0	1	1	0	1	1	1	0	1	1	1	0	0	0	0	0	1	0	1	1	0	1	1	1	0	0	0	1	0	0	1	0	0	0	0	1	0	1	1	1	0	0	0	1	0	1	0	0	0	0	1	0	0	0	1	0	0	1	1	0	1	0	1	0	0	0	0	1	0	1	0	0	0	1	1	1	1	1	0	0	0	1	1	0	0	0	1	0	0	0	0	0	1	1	0	0	1	1	1	0	0	0	0	1	0	1	1	1	0	0	0	1	0	1	1	1	0	1	1	1	1	0	0	0	1	0	0	1	1	1	1	0	0	0	0	0	0	0	0	0	0	0	0	1	1	1	1	1	0	1	1	0	1	0	0	0	0	0	0	1	0	0	1	1	1	1	1	0	1	0	1	1	1	1	0	1	0	1	0	0	0	0	1	0	0	0	1	1	1	1	0	1	0	1	0	1	0	1	1	1	1	1	1	0	0	1	1	0	1	1	0	0	0	0	0	0	1	1	0	1	0	0	1	1	1	1	0	0	0	0	0	0	0	0	1	0	0	0	0	1	1	1	0	0	1	0	1	0	1	0	0	1	1	0	0	1	0	0	0	0	0	1	0	1	1	0	0	0	1	0	0	0	1	0	0	0	0	0	0	1	0	0	0	1	0	0	0	0	1	1	0	0	0	0	0	1	1	1	0	1	1	1	1	0	0	0	0	0	0	1	0	1	1	0	0	1	0	1	1	0	0	0	1	0	0	0	1	1	1	0	0	1	1	0	1	1	0	1	0	1	1	1	0	1	1	1	1	1	1	0	1	0	0	1	0	0	1	1	1	0	0	0	1	0	0	0	0	1	1	0	0	1	1	0	1	0	0	1	1	0	1	1	0	0	0	0	0	1	0	0	0	1	1	1	0	1	0	0	1	0	0	1	0	0	1	1	1	0	1	1	0	0	0	0	0	0	0	0	0	0	1	0	1	1	1	1	1	0	0	0	0	1	0	1	1	1	0	0	0	1	1	0	1	0	1	0	1	0	0	0	1	0	1	1	1	1	1	0	0	0	1	1	0	0	0	0	1	0	0	1	0	1	1	1	0	0	1	0	0	1	1	1	1	1	0	0	1	0	1	1	0	1	0	0	1	0	0	1	0	0	0	0	1	1	1	0	0	0	0	1	0	0	1	1	1	0	1	1	0	0	0	0	0	0	1	0	0	0	0	0	0	0	0	0	1	0	0	1	0	1	0	1	1	1	1	0	0	1	1	0	0	0	0	0	1	0	1	1	0	1	1	1	0	0	0	1	0	0	0	0	0	0	1	1	0	1	1	1	0	0	1	0	1	0	0	1	1	1	0	1	0	1	0	0	0	0	1	0	1	1	1	0	0	1	1	0	0	0	1	1	1	1	1	0	1	0	1	1	0	1	1	1	0	1	1	0	1	0	0	1	0	0	0	1	0	0	0	1	1	1	0	1	0	0	1	1	1	1	0	0	0	0	1	1	0	1	0	1	1	1	1	1	0	0	1	1	1	1	1	1	0	1	1	0	1	0	0	1	0	1	0	1	0	1	1	1	1	0	1	0	1	1	0	0	1	0	1	1	0	0	0	0	0	0	0	1	0	0	0	0	1	1	1	1	1	1	0	1	1	0	0	1	0	0	0	1	1	0	1	0	1	0	1	1	0	0	0	1	0	0	0	1	0	1	0	0	1	0	0	0	1	1	1	0	0	1	1	0	0	0	0	1	0	0	1	1	0	1	0	0	0	1	1	0	0	0	1	0	1	1	1	1	0	0	1	0	1	0	0	0	0	0	0	1	0	1	1	1	0	1	1	0	1	1	1	0	0	1	0	0	1	1	1	1	1	0	1	1	0	1	1	1	1	0	0	0	0	1	1	1	1	1	0	0	1	1	1	0	0	1	0	1	1	0	1	1	0	1	0	0	0	1	1	1	0	1	0	1	1	1	1	1	0	0	0	1	0	0	1	0	0	0	0	0	1	1	0	1	0	0	1	0	1	0	1	1	1	1	1	1	0	1	0	0	1	1	0	0	1	0	0	1	1	0	0	0	0	0	1	1	0	1	1	1	0	1	1	1	1	1	0	0	0	1	1	1	0	0	1	1	1	0	0	1	0	0	0	0	1	1	0	1	0	1	1	1	1	0	1	0	0	1	0	0	0	1	1	1	1	1	1	0	1	0	1	0	0	1	1	1	0	1	0	1	1	1	0	0	1	1	1	0	1	0	0	1	0	1	0	0	0	1	0	1	0	0	0	1	0	0	0	1	0	1	0	0	1	0	0	0	0	0	0	0	1	1	0	0	0	1	0	1	0	0	1	1	1	1	1	0	0	0	0	0	1	0	0	1	0	0	0	1	1	0	0	1	1	0	0	0	0	1	1	0	0	1	1	0	0	1	1	1	0	0	0	0	1	1	0	1	1	0	0	1	0	1	1	0	1	1	0	1	0	0	0	0	0	1	1	0	1	0	1	1	0	0	1	1	0	0	1	1	0	1	0	1	0	1	0	1	1	1	1	0	0	1	1	1	1	1	0	1	0	0	1	1	1	0	1	1	1	0	0	1	0	0	1	0	1	1	1	1	1	0	1	1	1	0	0	1	0	0	1	0	0	0	1	1	1	0	0	1	1	0	1	0	1	1	0	0	0	0	0	1	0	0	1	0	1	1	1	1	0	0	1	0	1	1	1	1	1	0	0	0	0	0	1	0	0	0	0	0	0	0	1	0	1	0	1	0	0	1	1	1	1	1	1	0	1	0	0	0	0	1	0	0	0	1	1	1	0	0	1	1	0	1	0	1	1	0	1	0	0	0	1	1	1	0	0	0	0	1	0	0	0	1	0	1	1	1	1	0	1	1	1	0	0	1	0	1	1	0	0	1	1	1	0	0	0	0	0	0	1	1	0	0	1	0	1	0	1	0	1	0	1	0	1	1	1	0	1	0	0	0	0	0	0	1	1	1	1	0	1	0	0	1	0	0	1	0	0	1	1	1	1	0	0	0	1	1	1	0	1	0	1	1	0	1	1	0	1	0	1	1	0	0	0	0	0	1	1	1	1	1	0	0	1	1	0	0	1	1	0	1	0	0	0	1	1	1	0	0	0	0	1	1	1	0	0	0	1	0	1	1	1	0	1	1	1	1	0	0	0	0	0	1	0	1	0	1	0	1	0	0	1	0	1	1	1	1	0	1	0	1	0	0	0	0	1	1	0	1	0	0	1	1	1	1	0	1	0	1	1	0	1	0	1	0	1	1	0	1	1	1	0	1	0	1	1	0	0	0	1	0	0	0	0	0	1	1	0	0	1	1	0	1	0	0	1	1	0	1	0	0	1	0	0	1	0	0	1	0	0	1	1	1	1	0	0	1	0	1	0	1	0	1	0	1	0	0	1	0	1	1	1	0	1	1	1	1	0	0	1	0	1	1	1	0	1	1	1	0	1	1	1	1	0	0	1	1	0	1	0	1	0	1	1	0	1	1	1	1	1	0	1	0	0	0	1	0	0	1	0	1	0	0	0	0	0	0	0	1	1	1	1	0	0	1	1	1	0	1	1	1	0	1	1	0	0	1	0	0	0	0	1	1	1	1	1	0	1	1	1	1	1	1	1	0	0	0	1	0	1	0	1	1	1	0	1	0	1	0	1	0	1	1	0	1	1	0	0	1	1	0	1	0	1	1	1	0	0	1	1	0	0	1	1	1	1	1	0	1	1	0	0	0	1	0	0	0	1	0	1	1	0	1	1	0	1	0	0	1	0	0	1	1	1	0	1	1	0	0	1	1	1	1	1	0	1	1	0	1	0	0	1	0	0	0	0	0	1	0	1	1	1	0	0	0	1	1	1	0	1	1	0	0	1	1	1	0	0	1	1	0	0	0	0	0	1	1	1	0	1	1	0	1	0	0	0	1	1	0	1	0	0	0	0	1	1	0	1	0	1	1	0	0	0	1	1	0	1	0	1	1	0	0	0	1	1	1	0	1	0	0	1	1	1	0	0	1	1	1	1	1	1	0	0	0	0	0	1	0	1	1	0	1	1	0	0	1	0	0	0	1	1	1	0	1	1	0	0	1	0	1	0	1	0	1	1	0	0	1	1	1	1	1	1	0	1	0	1	0	1	0	0	1	0	0	1	1	0	1	0	1	1	1	1	0	0	1	0	1	1	0	1	1	0	0	0	0	1	0	1	0	0	1	1	0	1	0	0	0	0	1	1	1	0	1	0	1	0	0	1	0	1	0	0	0	1	1	1	0	0	0	1	0	1	1	1	1	1	1	0	0	0	0	0	1	0	1	1	0	0	1	1	1	1	1	1	1	0	0	0	1	0	0	0	0	1	0	1	0	1	0	1	0	1	1	0	0	0	1	0	1	1	0	0	0	0	0	1	0	1	1	0	1	1	1	1	1	1	0	1	0	1	1	1	1	0	0	1	0	1	1	0	1	1	1	1	1	1	0	1	1	0	0	0	1	0	0	1	0	0	1	1	1	1	1	1	0	0	1	1	0	1	1	0	1	1	1	1	1	1	0	1	0	0	1	1	1	1	1	1	1	0	0	1	1	0	0	0	1	0	0	1	1	0	0	1	1	0	1	0	1	0	0	1	0	1	1	0	1	0	0	1	1	1	0	0	1	0	0	1	0	0	0	0	1	1	0	0	0	0	1	1	1	1	1	0	1	1	1	1	0	1	0	0	0	0	0	0	1	1	0	1	1	0	0	1	0	1	1	0	0	0	1	1	1	1	1	1	1	0	1	1	1	0	1	1	1	0	0	0	1	1	0	0	1	1	0	1	0	0	1	1	1	0	1	0	1	0	1	1	1	1	0	0	1	1	0	1	0	0	1	0	0	0	1	1	1	1	0	1	1	0	1	0	1	0	0	0	1	0	1	1	1	1	1	0	0	0	1	1	1	1	0	1	1	0	1	1	1	1	1	0	1	0	1	1	0	0	1	1	0	0	0	1	1	1	0	1	0	1	1	0	0	1	0	0	1	0	0	1	1	0	0	0	1	1	1	0	1	1	0	1	1	1	0	1	1	1	0	1	1	1	1	0	1	1	1	1	1	0	1	0	0	0	1	0	1	1	0	1	1	0	1	0	0	1	1	1	0	1	1	1	1	0	0	0	0	0	0	1	0	1	1	1	0	0	0	1	1	0	1	1	1	1	0	0	0	1	1	1	1	1	0	1	0	0	1	0	1	0	1	0	0	0	0	0	0	0	0	1	0	0	1	1	0	0	1	1	1	0	0	1	0	1	0	1	1	0	1	1	1	1	0	1	0	1	1	0	0	1	0	1	1	0	1	1	1	1	1	1	1	0	0	1	1	0	0	0	1	0	1	0	0	1	0	1	1	0	0	0	1	1	0	0	0	0	0	0	0	1	0	0	0	1	1	0	0	0	0	1	0	1	1	1	0	1	1	0	0	1	0	1	1	0	0	1	1	1	1	1	0	0	1	1	1	0	1	0	0	1	1	1	0	0	1	0	1	0	1	0	1	1	1	1	1	1	1	0	0	1	0	0	1	0	0	1	1	1	1	1	1	1	1	0	1	0	1	1	1	0	0	1	1	1	0	1	0	0	1	0	0	0	0	1	1	0	1	0	0	1	1	1	1	0	1	1	1	0	1	1	0	1	1	1	0	1	0	1	1	1	0	1	1	0	1	0	0	1	1	0	1	0	0	0	1	1	1	0	1	1	1	0.0	0	1	1	0	1	1	0	1	0	0	1	1	0	1	1	0	0	1	1	1	0	0	1	0	1	0	1	0	1	1	0	0	1	1	1	0	0	0	1	0	0	0	1	1	0	0	1	0	1	1	0	1	0	1	1	1	1	1	1	0	1	1	0	0	1	1	1	0	1	1	0	0	1	0	1	0	1	1	1	0	1	0	0	0	0	1	0	0	1	1	1	1	1	1	0	0	0	1	0	1	1	1	0	1	1	1	1	0	0	0	0	1	1	0	1	0	0	1	0	0	1	1	1	1	1	0	0	1	0	0	1	1	1	0	1	1	0	1	1	0	0	1	1	1	1	1	1	0	0	0	0	0	0	1	1	1	1	1	1	0	1	1	1	1	1	1	0	0	1	1	0	0	0	1	1	1	1	0	1	1	0	1	1	0	0	1	0	1	0	1	1	0	0	1	1	1	0	1	0	1	0	1	1	1	0	1	1	1	0	0	1	1	0	1	1	0	0	1	1	0	1	0	0	1	0	0	0	1	1	1	0	0	1	0	1	0	0	0	0	0	1	1	1	1	0	0	1	0	0	0	1	0	1	0	0	0	0	0	0	1	0	0	1	1	1	0	0	1	0	1	0	0	1	1	0	0	1	1	1	1	1	0	1	1	1	0	1	1	1	1	0	1	0	0	0	1	1	1	0	1	1	0	1	0	0	1	1	1	1	1	0	1	0	0	0	1	1	0	0	0	0	1	0	1	1	0	1	1	0	0	1	1	1	1	1	1	1	0	1	0	1	0	1	0	1	1	1	0	0	0	0	1	1	1	0	1	1	1	1	1	0	1	1	0	0	0	1	0	1	1	0	0	1	1	0	0	1	0	0	1	1	0	1	1	0	0	0	1	1	0	1	0	0	1	1	0	0	0	0	0	1	0	0	0	1	1	1	1	0	1	0	1	1	0	1	1	1	0	0	1	1	1	0	0	1	0	1	1	0	0	0	0	0	1	0	1	1	1	0	1	1	0	0	1	0	1	1	1	1	1	1	0	1	1	1	1	1	1	1	0	1	1	1	1	1	0	1	1	0	1	0	1	0	1	1	0	0	0	0	1	0	0	0	0	0	1	0	1	0	0	0	1	1	1	1	0	1	1	1	1	1	1	1	1	1	1	1	1	0	1	1	1	0	0	0	1	0	0	0	1	1	0	0	1	1	1	0	1	0	0	0	1	0	0	1	1	0	0	0	1	1	0	1	1	1	0	1	0	0	0	0	1	1	1	1	0	0	0	0	0	0	1	0	1	1	0	1	0	1	0	1	1	1	1	1	1	1	1	1	1	0	0	1	1	1	0	0	0	1	0	0	0	0	0	0	0	1	0	0	0	1	1	1	0	1	0	0	1	0	0	1	1	0	1	1	1	1	0	1	1	0	1	1	0	1	1	0	1	0	0	0	0	1	0	1	0	0	0	1	0	0	1	1	0	1	1	0	0	1	1	1	1	1	1	0	0	1	0	1	0	1	0	1	1	1	1	0	0	1	0	1	0	1	0	1	0	1	1	1	0	0	0	1	0	0	1	1	1	0	1	1	0	1	1	1	0	1	0	0	0	0	1	0	0	1	1	0	0	0	1	1	0	1	1	1	1	1	1	0	1	1	0	1	0	1	1	0	0	0	1	0	1	0	0	1	1	1	1	0	1	1	1	1	1	0	1	1	1	0	0	1	0	0	0	0	0	1	0	0	1	0	0	1	0	1	0	0	0	0	1	1	0	1	0	0	1	0	0	0	0	0	0	1	0	1	0	1	1	0	0	0	0	1	0	1	1	0	0	1	1	0	1	1	1	0	1	1	1	0	1	0	0	1	0	1	0	1	1	1	0	1	0	1	1	0	1	1	0	1	1	0	1	0	1	1	1	0	0	1	1	0	1	0	1	0	1	1	0	0	1	0	1	0	1	0	1	0	1	1	1	1	0	0	0	1	1	0	1	0	0	0	1	1	0	0	1	0	1	1	1	1	1	1	1	0	0	1	0	0	1	0	0	1	0	1	1	0	1	0	0	0	1	1	0	1	0	1	1	1	0	1	1	0	1	0	1	1	1	0	0	1	0	1	1	1	1	1	1	0	0	1	0	1	1	1	1	1	1	0	1	1	1	0	0	0	1	0	1	0	0	0	1	1	1	0	0	1	1	1	1	1	1	1	0	1	0	1	0	0	1	