Performance Statistics:------------------------------------------------------------------------
Training Accuracy	Testing Accuracy	Training Coverage	Testing Coverage
0.518928672353202	NA	0.997008547008547	NA

Population Characterization:------------------------------------------------------------------------
MacroPopSize	MicroPopSize	Generality
991	1000	0.6244875000000003

SpecificitySum:------------------------------------------------------------------------
A_0	A_1	A_2	A_3	A_4	A_5	A_6	A_7	A_8	A_9	A_10	A_11	A_12	A_13	A_14	A_15	A_16	A_17	A_18	A_19	A_20	A_21	A_22	A_23	A_24	A_25	A_26	A_27	A_28	A_29	A_30	A_31	A_32	A_33	A_34	A_35	A_36	A_37	A_38	A_39	A_40	A_41	A_42	A_43	A_44	A_45	A_46	A_47	A_48	A_49	A_50	A_51	A_52	A_53	A_54	A_55	A_56	A_57	A_58	A_59	A_60	A_61	A_62	A_63	A_64	A_65	A_66	A_67	A_68	A_69	A_70	A_71	A_72	A_73	A_74	A_75	A_76	A_77	A_78	A_79
469	432	453	332	338	349	387	399	455	320	340	319	428	394	343	341	401	380	395	385	346	372	421	380	358	389	334	321	387	354	450	334	365	350	414	358	345	347	371	382	342	429	315	373	343	422	385	339	404	402	404	465	340	388	386	364	387	391	349	396	365	329	391	301	338	378	367	395	372	371	386	376	390	360	390	383	398	295	470	324

AccuracySum:------------------------------------------------------------------------
A_0	A_1	A_2	A_3	A_4	A_5	A_6	A_7	A_8	A_9	A_10	A_11	A_12	A_13	A_14	A_15	A_16	A_17	A_18	A_19	A_20	A_21	A_22	A_23	A_24	A_25	A_26	A_27	A_28	A_29	A_30	A_31	A_32	A_33	A_34	A_35	A_36	A_37	A_38	A_39	A_40	A_41	A_42	A_43	A_44	A_45	A_46	A_47	A_48	A_49	A_50	A_51	A_52	A_53	A_54	A_55	A_56	A_57	A_58	A_59	A_60	A_61	A_62	A_63	A_64	A_65	A_66	A_67	A_68	A_69	A_70	A_71	A_72	A_73	A_74	A_75	A_76	A_77	A_78	A_79
316.39705659687115	275.7394927568578	311.6057905133999	210.94464305758007	213.50890818384775	224.98428747385302	248.79635965734582	262.85114900246356	299.0209113107621	202.0962954807136	203.99162238670982	203.6446876510237	278.5484342672383	235.93323446723508	215.12761562025798	223.0832803871156	249.3754276695273	248.39131970309683	266.25510024782085	231.26626913470415	225.21176026409205	247.85599267146733	277.4831852534878	243.54461366616218	228.0517601772007	244.06355986868093	215.40832216885082	203.07434980770495	259.70209103857826	207.76079696924305	300.1338617841676	223.30257112102134	229.96034154486256	209.16818633410696	267.4438300016892	221.63333543596488	217.0742217932246	226.16882550501197	253.25206476192824	241.92789170884194	212.17009851504406	272.71034323919963	194.54334768377868	242.3115951526357	229.7671845595816	273.9758043344875	252.99737615459313	207.51231560165706	256.7755253388016	258.5202615748058	261.2967319646113	296.59801955045504	219.1072735376615	245.74213217581192	255.07798375395103	248.3699602024082	255.72282442162262	252.08427100995357	217.76413657017864	250.97680047712214	239.92198807656004	212.61963252482667	275.3656620679511	185.84772660808503	226.740591679917	250.7783107585	246.90849975454358	265.35959712391434	230.84132940258968	226.0136894241689	256.8624749326294	245.07223215043294	254.1037886482883	239.11424113412386	249.94240421210048	258.8798635703805	237.95569611560268	182.4327746503346	306.2438276076586	212.07063012512307

Run Time(in minutes):------------------------------------------------------------------------
Global Time	4.031420369942983
Matching Time	1.8205705126126608
Deletion Time	0.8055217504501343
Subsumption Time	0.2198614199956258
Selection Time	0.011599087715148925
Evaluation Time	0.9653850436210633

CorrectTrackerSave:------------------------------------------------------------------------
0	1	0	0	1	0	0	0	0	1	0	0	0	1	0	1	1	1	1	0	1	1	1	1	0	1	1	1	0	0	1	0	1	1	1	1	1	1	1	1	1	1	0	0	1	0	0	1	0	1	1	0	0	1	1	1	1	0	1	1	1	1	0	0	1	0	1	0	0	0	0	1	1	0	0	0	1	1	1	0	1	1	1	1	0	1	1	1	1	0	0	1	1	1	1	0	1	1	1	0	1	0	1	1	1	0	1	1	0	1	1	1	1	0	1	0	0	1	1	1	1	1	0	0	1	0	0	1	1	0	0	1	0	1	0	1	0	0	0	1	1	1	0	1	0	0	0	1	0	1	1	1	0	1	0	1	1	0	1	0	0	1	1	0	1	0	1	0	0	1	1	1	0	1	0	1	1	0	0	0	1	0	1	1	1	1	1	1	1	1	1	1	0	1	1	0	1	1	0	1	1	0	0	0	0	0	0	1	0	1	0	1	1	0	1	1	1	0	1	0	1	1	1	0	1	1	1	1	1	1	0	0	1	1	0	1	0	0	1	1	1	1	1	1	0	1	0	0	1	1	1	0	1	0	0	1	1	1	1	1	1	0	1	1	1	1	1	1	1	0	0	0	0	0	1	1	1	0	1	1	1	0	0	1	0	0	1	1	1	1	0	1	1	1	1	1	0	0	1	0	1	1	1	1	1	0	1	0	0	1	1	0	0	1	1	1	1	1	0	1	1	1	0	1	1	0	1	1	1	1	1	1	0	1	1	0	0	1	0	1	1	0	1	1	1	0	0	1	1	0	0	0	1	1	1	0	1	0	1	1	1	1	1	1	1	1	1	1	0	0	1	1	1	1	0	1	0	1	1	0	1	1	0	1	1	0	1	1	1	0	1	1	1	1	0	1	1	1	0	1	0	1	1	1	0	1	1	1	1	0	1	0	0	0	0	0	0	1	0	0	1	0	0	0	1	1	0	1	1	1	1	0	1	0	1	1	1	0	1	0	0	1	1	0	1	0	0	0	0	1	0	1	0	0	0	0	1	1	0	0	1	0	1	1	1	0	1	0	1	1	0	0	0	0	0	1	1	1	0	1	1	1	1	0	1	1	1	1	1	1	1	1	1	1	1	0	0	0	0	0	0	0	1	0	0	0	1	1	0	0	1	1	0	1	1	0	1	1	1	1	1	1	0	0	1	1	0	1	0	0	0	1	1	1	1	1	1	1	0	1	0	0	1	1	0	1	0	0	0	1	0	1	1	1	0	1	0	1	1	1	0	0	0	0	1	1	1	1	0	1	1	0	1	1	1	0	1	0	1	0	1	1	1	1	1	0	0	1	0	0	1	0	1	1	1	1	1	0	1	1	0	1	0	0	1	0	1	1	0	0	0	1	0	1	1	1	1	1	1	0	0	1	0	0	1	1	0	1	0	0	0	0	0	0	0	1	1	0	1	1	1	1	0	1	0	1	1	1	1	1	0	1	1	1	0	1	0	1	0	1	1	0	1	0	1	0	0	1	0	1	1	1	1	1	1	0	1	0	1	1	0	1	0	1	0	1	1	0	1	0	1	1	0	1	1	0	1	0	0	0	1	1	0	0	0	1	1	1	1	0	1	0	0	0	1	1	0	1	0	0	1	0	0	0	0	1	1	1	1	1	0	0	0	1	1	1	0	1	0	0	0	1	1	1	0	1	1	0	0	0	1	1	1	0	0	1	1	1	1	1	0	0	1	0	0	1	0	1	1	0	1	1	0	1	1	1	1	0	1	1	0	0	0	1	1	1	0	1	1	0	1	0	0	0	1	0	0	1	1	0	1	1	0	1	1	1	1	1	0	1	1	1	0	1	1	0	1	1	1	1	1	1	0	1	1	1	0	1	1	1	0	1	0	1	1	0	0	0	1	1	1	0	1	0	0	1	1	0	1	1	0	1	1	1	0	1	0	1	1	1	0	1	0	0	1	0	0	1	1	0	1	1	1	0	0	1	1	1	0	0	1	1	1	1	0	1	1	1	1	0	0	0	1	1	1	1	1	1	0	0	1	0	1	1	1	0	0	0	1	0	0	1	1	1	1	0	0	0	1	1	1	0	0	0	0	0	0	0	1	0	0	1	0	1	0	0	1	1	0	1	0	1	0	0	1	1	1	1	1	1	0	1	1	1	0	0	0	1	1	1	1	0	0	1	1	0	1	0	0	0	1	0	1	1	0	0	0	0	0	1	1	1	1	1	0	0	0	1	0	1	1	0	1	1	0	1	1	1	0	1	0	0	0	1	0	0	0	0	1	0	1	1	0	0	0	1	1	1	1	0	1	1	1	0	0	1	1	0	1	0	0	1	1	0	0	1	0	1	1	1	1	1	0	0	0	0	0	0	0	1	0	0	1	1	0	1	1	1	1	0	1	1	1	0	1	0	0	0	0	1	1	1	0	1	1	1	1	1	0	0	1	1	1	0	0	0	1	1	1	1	0	1	1	0	0	0	1	1	0	1	1	1	1	0	0	0	0	0	0	1	0	1	0	0	1	0	1	1	0	1	1	0	1	0	0	1	1	1	1	0	0	0	1	0	1	1	0	0	0	0	1	1	0	0	1	1	1	1	1	1	0	0	1	1	0	1	0	0	1	1	1	1	1	0	0	1	0	1	1	1	1	1	1	1	0	1	0	0	1	0	0	0	1	0	1	0	1	1	1	0	0	1	1	1	0	0	1	1	0	0	0	1	0	1	1	1	1	1	0	0	0	0	1	0	1	1	0	1	1	0	1	0	1	1	1	0	1	1	1	1	1	0	0	0	0	1	1	1	0	1	0	0	0	1	1	1	1	1	0	0	0	0	0	0	1	0	1	0	0	0	1	1	1	1	0	0	1	1	0	0	1	1	0	1	1	1	1	1	1	1	1	0	1	0	0	1	1	1	0	0	1	0	1	0	0	1	1	0	1	1	1	0	1	0	1	1	1	0	1	1	0	0	0	1	1	1	0	0	0	1	1	1	1	0	0	0	1	1	1	1	1	1	1	1	0	1	0	1	0	0	0	1	0	0	1	0	1	1	1	1	1	1	0	0	1	1	1	1	1	1	1	1	1	1	1	1	0	0	0	0	0	1	0	1	1	0	1	1	1	0	1	0	1	1	1	1	1	1	0	1	1	1	1	0	1	1	1	0	0	0	0	1	1	0	1	0	0	1	1	1	0	1	0	1	0	0	0	0	0	1	0	0	1	0	1	1	1	1	1	1	0	0	0	1	0	0	1	1	1	1	1	0	1	0	0	0	1	1	1	0	0	1	1	1	0	1	1	1	0	0	1	0	1	0	0	1	1	1	1	1	1	0	0	0	1	1	0	0	0	1	0	1	1	1	1	1	1	1	0	0	0	1	1	1	0	1	1	1	1	0	1	1	1	1	1	0	0	1	1	0	0	1	1	1	1	0	1	1	0	1	1	1	1	0	1	1	1	0	1	1	1	1	1	1	1	1	1	1	1	0	0	0	1	1	0	0	0	1	1	1	0	1	1	0	0	0	1	1	0	1	0	0	1	0	0	1	1	1	0	1	1	1	1	0	0	1	1	1	1	0	1	0	0	1	0	1	1	1	1	1	1	1	0	1	1	0	0	0	0	0	0	1	1	0	0	1	0	1	1	1	1	0	0	0	1	0	1	0	1	1	1	1	1	1	1	0	0	1	1	1	0	1	1	0	1	1	0	1	1	1	1	1	1	1	0	1	1	0	0	0	1	1	0	0	1	1	1	1	1	1	0	1	1	0	0	0	0	1	1	0	0	1	1	1	1	1	0	1	0	0	1	0	1	1	0	1	1	1	0	0	1	0	0	0	1	0	0	0	1	1	1	1	0	0	1	0	0	0	0	0	0	0	0	0	1	1	1	0	0	1	0	0	1	0	0	0	1	1	1	1	0	0	1	0	0	1	0	1	0	1	0	0	1	1	1	1	0	1	0	0	0	0	1	1	0	1	1	1	1	0	0	1	0	1	0	0	1	1	1	1	1	1	0	1	1	0	1	1	0	0	0	0	1	1	1	1	1	1	1	1	1	0	1	1	1	1	0	1	1	0	0	1	0	0	1	1	1	1	1	1	1	1	1	1	1	1	0	0	1	0	0	0	1	1	1	0	0	0	0	1	1	1	1	0	0	0	1	1	1	0	0	0	1	1	1	1	1	0	1	1	1	1	1	1	0	0	1	0	1	1	0	1	1	0	0	0	0	1	1	1	0	1	1	1	0	1	0	0	0	1	0	1	0	0	0	1	0	0	0	1	1	0	0	1	0	1	1	1	1	1	1	1	0	1	0	1	1	0	1	0	1	1	0	1	1	1	0	1	1	0	0	0	1	1	0	0	1	0	1	0	1	1	0	1	1	0	1	0	1	0	1	1	1	1	0	1	1	0	0	1	1	1	1	0	0	0	1	1	0	0	1	0	0	1	0	0	1	0	1	1	0	0	1	1	0	1	0	0	1	1	1	1	1	1	1	1	0	1	1	1	1	0	1	0	1	1	1	1	1	1	1	1	1	1	1	1	1	1	1	0	1	0	1	1	1	1	1	0	1	1	1	1	1	1	1	0	1	0	1	1	1	0	0	1	0	0	1	0	1	0	1	0	1	1	1	1	0	0	1	1	1	0	1	1	1	1	1	0	1	1	1	1	1	1	0	1	1	1	1	1	0	0	1	1	1	1	1	1	0	1	1	0	0	0	1	0	0	1	0	0	0	1	0	1	0	0	1	1	1	0	1	1	1	1	1	1	0	0	1	1	1	0	0	1	1	1	1	0	1	0	1	0	0	0	1	0	0	1	1	1	1	1	0	1	0	0	1	0	0	0	1	1	1	1	1	1	0	0	0	1	0	1	1	1	1	0	1	0	1	1	1	1	0	1	1	1	1	1	1	1	0	1	0	1	1	1	1	0	1	0	0	0	1	0	0	0	1	0	1	0	0	1	0	0	0	0	1	0	0	0	1	0	0	1	1	1	1	0	0	1	1	1	1	1	0	0	0	1	0	1	0	0	1	0	1	0	1	1	1	0	1	1	1	0	0	0	0	1	0	0	0	1	0	0	1	1	1	1	0	0	1	1	0	1	1	1	0	0	1	0	1	0	1	0	1	0	1	1	0	1	0	0	1	1	1	1	0	1	0	1	1	1	1	0	0	1	0	0	1	0	1	1	1	0	1	1	1	1	1	0	0	1	0	1	0	0	0	1	0	1	1	1	0	1	1	1	1	0	1	0	0	1	1	0	1	0	1	0	1	1	1	1	0	0	0	0	1	1	1	1	1	1	1	0	0	0	0	1	0	1	0	1	1	1	0	0	0	0	1	0	0	0	0	1	1	1	1	0	1	1	1	0	1	1	1	0	0	0	1	0	0	0	1	1	1	0	1	0	0	1	1	1	0	1	1	0	1	1	0	1	1	1	1	1	0	0	0	0	1	0	0	1	1	0	1	0	0	0	1	0	0	0	1	1	0	1	1	0	0	1	0	1	0	1	0	1	1	1	0	1	1	1	1	0	0	1	0	1	1	1	1	0	1	0	1	1	1	0	1	1	0	0	0	0	0	0	0	1	1	0	0	0	0	1	1	0	1	1	0	1	1	1	1	1	1	1	1	1	0	0	0	0	1	1	1	0	0	1	1	0	1	0	1	1	0	1	1	1	1	1	0	0	1	1	1	1	0	1	0	0	1	0	1	1	1	1	0	0	0	0	1	1	1	0	1	0	1	1	1	0	1	1	1	0	0	0	1	0	1	0	0	0	1	1	1	1	0	1	1	1	0	0	0	0	1	1	0	1	1	1	0	1	1	0	1	1	1	0	0	0	1	0	1	0	1	1	0	0	0	1	0	1	1	1	0	1	1	0	1	0	0	0	0	1	0	0	1	1	1	1	1	1	1	0	0	0	1	0	0	1	1	0	1	1	1	1	0	1	1	0	1	0	0	1	0	1	0	1	0	1	0	0	1	1	1	1	1	1	0	0	1	1	0	1	0	0	1	0	0	1	0	0	1	0	0	1	0	0	1	0	1	1	1	0	0	1	0	1	1	1	0	0	1	0	0	1	0	0	1	0	1	1	0	0	0	0	1	1	1	0	1	1	0	1	1	0	0	1	1	1	1	0	0	0	1	0	1	0	1	0	1	1	0	1	1	1	1	1	1	1	0	1	0	1	0	1	1	0	1	0	0	1	1	0	0	1	1	0	1	1	0	0	0	1	1	0	1	0	1	0	1	0	0	1	1	1	1	1	0	1	1	1	1	0	1	1	1	1	1	1	1	1	0	0	0	1	0	1	0	1	1	1	1	1	1	1	1	1	1	1	1	1	0	1	0	0	1	1	0	1	1	1	1	1	1	0	1	1	0	0	1	1	1	1	1	0	1	1	0	1	1	1	1	1	0	1	0	1	0	1	0	1	1	1	0	1	1	0	1	1	1	0	1	0	1	1	0	0	0	1	1	1	1	1	1	0	1	1	0	1	0	1	0	0	1	0	1	0	1	1	0	0	0	0	1	0	0	1	1	0	0	1	0	1	0	1	0	0	1	0	1	0	1	1	1	1	1	1	0	0	0	0	0	0	1	1	0	1	1	0	1	0	1	1	1	1	0	0	1	0	0	0	1	1	0	1	0	0	1	0	1	1	1	1	1	1	1	1	0	0	1	0	0	0	0	1	1	0	1	1	0	1	0	0	0	1	0	1	1	0	0	1	1	1	1	0	0	0	0	1	1	1	1	1	1	0	1	0	1	1	1	0	1	0	1	0	1	1	1	0	0	0	0	0	0	1	0	1	0	1	0	0	0	1	1	0	1	0	0	1	1	1	1	0	1	0	0	1	0	1	1	1	1	0	0	1	1	1	0	1	1	0	1	1	0	1	0	1	1	1	0	1	1	0	1	0	0	1	1	1	1	0	1	0	1	1	0	0	1	1	1	1	0	0	1	1	0	0	0	1	0	0	1	1	1	1	0	1	1	1	1	1	0	1	1	0	0	0	1	0	0	1	0	0	0	0	0	1	1	1	0	1	1	0	0	1	1	0	0	0	0	0	1	0	0	1	1	1	0	0	1	1	1	1	1	1	0	0	0	0	1	1	1	0	0	1	0	1	0	0	1	0	1	1	0	1	0	0	1	1	1	1	1	0	1	0	0	0	1	1	0	1	1	1	1	0	1	0	0	0	1	1	1	1	0	1	1	0	0	1	1	0	1	0	1	0	1	1	1	0	1	1	1	0	0	0	1	1	1	1	1	0	0	0	1	0	1	0	1	0	1	1	0	1	1	0	1	1	0	0	1	0	1	0	1	0	1	1	0	1	0	0	0	1	0	0	1	0	0	1	1	1	1	1	1	1	1	1	0	0	0	0	1	1	0	0	1	1	0	1	0	0	0	1	0	0	1	0	1	1	1	1	1	0	1	1	1	1	1	1	1	1	0	1	0	0	0	1	1	1	0	1	0	1	0	0	0	1	1	1	0	1	1	0	1	0	0	1	1	1	0	0	1	1	0	1	0	0	1	0	0	1	1	1	0	1	0	0	0	1	1	0	0	0	0	0	0	0	1	0	0	1	1	0	0	0	1	1	1	0	1	1	0	0	1	1	1	1	1	0	1	0	1	1	1	1	1	1	0	0	1	1	1	1	1	1	1	1	0	0	0	1	1	0	0	1	0	1	1	0	1	0	1	0	1	0	0	1	0	1	1	1	1	1	1	1	1	0	1	1	1	1	1	1	0	1	1	0	1	0	0	1	1	0	1	0	0	0	1	0	1	0	0	1	1	1	1	1	0	1	1	0	0	1	0	1	0	1	1	1	1	1	0	0	0	1	1	0	1	1	1	1	0	0	0	1	1	1	1	1	1	1	1	0	1	1	1	0	0	0	0	0	1	1	1	1	0	0	0	0	1	1	0	1	1	1	1	0	1	0	0	1	0	1	1	0	1	1	1	0	0	1	0	1	0	1	0	0	0	1	1	0	1	0	1	0	0	0	1	0	0	1	1	0	0	1	1	0	1	0	0	0	1	1	0	0	1	0	0	0	0	0	0	0	0	1	0	0	0	1	0	1	0	0	0	1	0	1	0	1	1	1	1	1	1	0	0	0	0	1	1	1	0	0	1	1	1	1	0	1	1	1	0	1	1	1	0	1	0	1	1	1	1	0	1	1	1	0	1	1	1	1	0	1	1	1	1	0	1	1	1	1	0	0	1	0	0	1	1	1	0	1	1	0	1	1	1	0	1	1	1	0	0	0	0	0	1	0	0	1	0	0	1	0	1	0	0	1	1	1	1	0	1	1	1	0	1	1	0	1	1	0	0	1	1	1	1	1	0	1	1	0	0	1	1	1	1	0	0	1	0	1	1	1	1	0	1	0	1	1	1	1	1	0	0	1	0	1	0	0	1	1	0	1	1	0	0	1	1	1	0	0	1	0	0	0	1	0	1	1	0	0	1	0	1	0	0	0	1	0	1	0	1	1	0	1	1	0	1	1	1	1	0	1	1	1	0	0	1	0	1	0	1	0	1	0	0	0	1	1	1	0	0	0	1	0	1	1	0	0	1	1	1	0	0	1	0	0	1	1	1	1	1	1	1	0	0	1	0	1	1	1	0	1	0	1	0	0	0	1	0	1	1	0	0	1	0	1	0	1	1	1	1	1	1	0	0	1	0	0	1	0	0	0	0	1	0	1	1	0	0	1	0	1	1	1	1	1	1	0	0	1	0	1	1	0	1	0	1	0	1	1	1	1	1	1	0	0	0	1	0	0	1	0	0	0	1	1	1	1	0	1	0	0	1	1	0	0	0	1	1	1	0	1	0	1	0	1	0	0	0	0	1	0	0	0	1	1	0	0	0	0	1	1	1	0	0	1	1	1	1	1	0	1	1	1	1	1	1	1	0	1	1	0	1	0	0	1	0	0	0	1	0	1	1	0	1	0	0	0	1	1	1	1	0	1	0	1	0	0	1	0	1	1	1	0	0	1	0	1	0	0	0	1	0	0	1	0	1	1	1	0	0	1	1	0	1	1	1	1	0	1	0	1	1	1	1	0	0	0	1	0	1	0	0	1	1	1	1	1	0	1	0	0	1	1	1	0	1	0	1	1	0	1	1	0	1	0	1	0	1	1	1	0	1	1	0	0	1	0	0	1	1	0	1	1	1	0	1	1	1	1	1	1	0	1	1	1	1	1	0	0	1	0	1	0	1	0	0	1	1	0	1	1	0	0	1	0	1	1	1	0	0	0	0	0	0	0	1	1	1	1	1	1	1	1	0	1	0	0	1	1	0	0	0	1	1	1	0	1	0	1	1	1	1	1	1	0	1	1	0	1	1	0	0	0	1	1	0	1	0	0	0	1	0	1	1	0	1	0	1	0	1	1	0	1	1	0	1	0	1	0	1	1	1	1	1	1	1	1	1	1	1	1	1	0	1	1	1	1	0	0	0	1	0	0	0	0	1	1	0	0	0	0	0	1	1	1	0	0	0	0	1	0	0	1	1	0	1	0	1	1	1	0	1	1	1	0	1	1	1	1	0	0	0	1	1	0	0	1	0	1	0	0	0	1	1	0	0	1	0	1	0	0	0	0	0	1	1	1	1	0	1	1	1	0	1	0	1	0	1	1	1	1	1	0	0	0	1	0	0	1	0	1	1	1	1	0	1	1	1	1	0	0	1	1	0	1	1	1	0	0	1	1	0	0	1	0	1	1	0	0	0	1	1	0	1	0	0	0	1	1	1	1	1	0	1	1	0	1	0	1	1	1	1	1	1	1	1	1	1	1	0	1	1	0	0	0	0	0	0	1	1	0	0	0	0	0	1	0	1	1	1	0	1	1	0	1	0	0	0	1	0	1	0	0	1	0	1	1	0	0	0	1	1	1	1	0	1	0	1	1	1	1	0	0	0	1	1	0	0	1	0	0	0	1	0	1	0	1	1	0	1	1	1	1	1	0	0	1	0	1	0	0	1	1	0	0	0	1	0	0	1	1	0	1	1	1	1	1	1	1	0	1	0	1	0	0	1	1	0	1	0	0	0	1	0	1	1	0	1	0	1	1	1	1	1	1	0	0	1	0	0	0	0	0	1	1	1	0	0	0	1	0	1	0	1	0	1	1	1	0	1	0	1	1	0	0	1	1	0	0	1	0	1	0	1	1	0	0	0	0	0	1	1	1	0	0	1	0	0	1	1	0	1	0	1	0	0	0	0	1	1	0	1	1	1	1	1	1	1	0	1	1	0	1	1	0	0	1	1	1	1	0	0	0	1	1	0	0	0	1	0	1	0	1	1	1	1	1	0	1	0	0	1	1	1	1	1	1	1	1	0	1	1	0	0	1	0	0	0	1	0	0	0	1	0	0	1	1	1	0	1	1	1	1	0	1	0	0	1	0	1	1	1	1	1	0	0	0	0	1	1	0	1	1	1	1	1	1	1	1	0	0	0	1	1	0	0	0	0	1	1	0	1	1	1	0	1	1	0	0	1	1	1	1	1	1	0	1	0	1	0	0	0	1	0	1	0	0	0	1	1	0	1	0	1	1	1	1	1	0	1	1	1	0	1	0	0	0	