Performance Statistics:------------------------------------------------------------------------
Training Accuracy	Testing Accuracy	Training Coverage	Testing Coverage
0.5306828694789301	NA	0.9961538461538462	NA

Population Characterization:------------------------------------------------------------------------
MacroPopSize	MicroPopSize	Generality
990	1000	0.6228375000000006

SpecificitySum:------------------------------------------------------------------------
A_0	A_1	A_2	A_3	A_4	A_5	A_6	A_7	A_8	A_9	A_10	A_11	A_12	A_13	A_14	A_15	A_16	A_17	A_18	A_19	A_20	A_21	A_22	A_23	A_24	A_25	A_26	A_27	A_28	A_29	A_30	A_31	A_32	A_33	A_34	A_35	A_36	A_37	A_38	A_39	A_40	A_41	A_42	A_43	A_44	A_45	A_46	A_47	A_48	A_49	A_50	A_51	A_52	A_53	A_54	A_55	A_56	A_57	A_58	A_59	A_60	A_61	A_62	A_63	A_64	A_65	A_66	A_67	A_68	A_69	A_70	A_71	A_72	A_73	A_74	A_75	A_76	A_77	A_78	A_79
522	349	427	347	347	382	345	370	328	304	401	434	393	359	329	329	424	390	361	352	433	395	393	335	381	332	419	387	349	371	345	266	396	365	424	401	331	339	337	384	384	375	328	440	447	397	391	347	382	346	357	386	377	398	324	356	345	385	337	386	459	332	408	354	405	377	353	386	364	371	391	442	417	374	384	386	428	334	495	349

AccuracySum:------------------------------------------------------------------------
A_0	A_1	A_2	A_3	A_4	A_5	A_6	A_7	A_8	A_9	A_10	A_11	A_12	A_13	A_14	A_15	A_16	A_17	A_18	A_19	A_20	A_21	A_22	A_23	A_24	A_25	A_26	A_27	A_28	A_29	A_30	A_31	A_32	A_33	A_34	A_35	A_36	A_37	A_38	A_39	A_40	A_41	A_42	A_43	A_44	A_45	A_46	A_47	A_48	A_49	A_50	A_51	A_52	A_53	A_54	A_55	A_56	A_57	A_58	A_59	A_60	A_61	A_62	A_63	A_64	A_65	A_66	A_67	A_68	A_69	A_70	A_71	A_72	A_73	A_74	A_75	A_76	A_77	A_78	A_79
349.0075255118513	232.4294379069363	290.45797927640467	244.50638084645124	249.38020314066517	267.75635274344444	243.26101316957198	248.51271971550932	215.16676577843162	189.16779407611577	274.25564921039853	278.7834346232348	277.66134762576945	235.4429261759709	226.04234739349693	222.50358050115702	291.293864734242	249.3041535102531	239.34998282574037	234.65605185526647	305.87280617346045	271.18550762221906	277.78499134962624	220.72488083000616	255.64849911777853	224.34498727924662	291.75965596231396	279.3501663951912	242.37900379992644	252.10746999989982	211.25947390103772	187.8735750819053	273.28956236556604	251.0528426330298	280.10882025487473	279.51697121555253	231.0967210335771	234.7103396622701	234.65987965840662	260.342043093202	261.37351917908876	263.0157028015663	210.9332266315383	307.0313650192687	304.8507054531341	272.1653165022246	285.31855607013216	236.89720791433774	265.8101956852773	235.7716414073014	237.37089663427378	258.5737097508867	241.52864877445128	275.07269922433056	227.02574630306643	237.8136180102397	239.3711554053057	272.1755279227927	232.89746304020593	259.1154395227424	328.21019702243257	228.4788215701289	282.44476569908403	241.088897369748	279.8196415305903	264.3205834426478	244.02857717242776	276.023773197303	243.07161025736815	248.8925703533207	261.4838547842388	319.7147195543399	287.59806898540495	247.6124567245667	251.8679118507662	271.44267197431185	314.59096618282314	226.09271561582455	358.67263265657215	236.06615630494056

Run Time(in minutes):------------------------------------------------------------------------
Global Time	40.33371050357819
Matching Time	21.660912934939066
Deletion Time	10.414816109339396
Subsumption Time	2.800550858179728
Selection Time	0.1477905790011088
Evaluation Time	2.9261253476142883

CorrectTrackerSave:------------------------------------------------------------------------
0	1	0	0	1	0	1	0	0	1	0	1	0	1	0	1	1	1	1	1	0	0	1	1	1	0	0	0	0	0	0	0	0	1	1	1	1	1	1	0	1	1	0	0	0	0	1	0	0	1	1	1	1	1	1	1	1	0	1	0	0	1	0	0	1	0	1	0	0	0	0	1	1	0	0	1	1	0	0	1	1	1	1	0	1	1	1	1	1	0	0	1	1	1	1	1	1	1	1	0	1	0	0	0	1	0	1	1	0	1	0	1	0	0	1	0	1	1	1	1	1	1	0	1	1	0	0	1	1	0	0	1	0	1	1	1	1	1	1	0	1	1	1	1	1	0	0	0	1	1	1	1	0	1	0	1	1	0	1	0	1	1	1	0	1	0	0	0	0	1	0	1	1	1	1	1	0	0	0	1	1	1	1	1	1	1	0	1	1	1	1	0	0	1	1	0	0	1	1	1	1	0	0	1	1	0	0	1	0	1	0	1	1	0	1	1	1	0	0	0	0	1	0	0	1	1	1	1	1	1	0	0	0	1	0	1	0	1	1	1	1	0	1	1	0	0	1	0	0	0	1	0	1	1	1	0	1	1	0	1	1	1	1	1	0	1	0	0	0	1	0	0	1	0	0	1	1	1	1	1	1	0	0	1	1	1	1	1	0	1	0	0	1	1	1	1	0	1	0	0	1	0	1	1	1	0	1	0	0	0	0	0	1	0	1	1	1	1	1	1	0	1	1	1	1	0	1	1	0	1	0	1	1	1	1	0	0	1	0	1	1	0	0	1	1	0	1	1	1	0	0	1	0	0	1	1	1	0	1	1	1	0	1	1	0	1	1	1	0	0	1	1	1	1	1	1	1	1	1	0	0	1	0	1	0	1	0	1	1	1	1	1	1	0	0	1	1	1	0	1	0	1	1	1	0	1	1	1	1	1	1	1	0	1	1	1	0	1	1	0	1	0	0	1	1	1	1	1	0	1	1	1	1	1	1	1	1	0	0	0	0	1	1	0	0	1	0	0	1	0	1	1	1	1	0	0	0	0	1	0	1	0	1	1	1	0	1	1	1	1	0	0	0	1	1	1	0	1	0	1	1	1	1	0	1	1	1	1	1	1	1	1	1	1	1	0	0	0	1	0	1	0	1	0	0	0	1	1	0	0	1	1	0	1	1	0	1	1	1	1	1	1	0	0	1	1	0	0	1	0	0	0	1	1	1	0	1	1	0	0	0	0	1	1	0	0	1	1	1	0	1	0	1	0	0	0	1	1	0	0	0	0	1	0	0	1	0	0	0	1	1	0	1	1	0	1	0	0	1	1	1	1	0	1	1	0	1	1	0	1	1	0	1	1	0	0	0	0	1	1	1	0	1	0	1	1	1	1	0	1	0	0	1	1	1	1	1	1	1	0	0	1	0	0	0	1	0	1	0	0	0	0	1	0	1	0	1	0	0	1	0	0	0	0	0	0	1	1	1	1	0	1	0	1	0	0	0	1	0	1	0	0	1	1	0	1	1	1	0	1	1	0	1	1	1	1	1	1	1	1	0	1	0	1	0	1	0	0	1	0	1	1	1	1	1	1	1	1	1	0	1	1	0	0	0	1	1	1	0	1	1	0	0	1	1	1	1	0	0	0	1	1	0	1	0	1	1	1	1	1	1	0	0	1	1	1	0	1	1	0	0	1	0	1	0	1	1	0	0	0	1	1	1	1	1	1	0	0	1	1	0	0	1	0	1	1	0	1	0	1	1	1	0	1	1	0	0	0	0	1	0	1	0	1	1	0	0	1	1	1	1	1	1	1	1	0	0	1	1	0	1	1	0	1	1	1	0	0	0	1	1	1	1	0	0	1	1	0	0	1	0	0	1	1	0	1	0	1	0	1	0	0	0	0	1	0	1	1	1	0	1	0	1	1	0	0	1	0	0	0	0	1	1	1	1	1	1	1	1	1	0	1	0	1	0	0	1	1	1	1	1	0	1	1	1	1	1	1	0	0	0	1	1	1	1	1	1	1	1	1	1	0	1	1	1	1	0	1	1	0	0	0	1	1	1	0	1	0	1	0	0	1	1	1	0	1	0	1	1	0	1	0	1	0	1	0	0	0	1	1	0	0	1	1	0	1	1	1	0	1	1	1	1	0	1	0	1	1	1	0	0	1	1	1	0	1	0	1	1	1	1	1	1	0	1	1	0	0	1	1	1	1	1	1	0	0	0	1	0	1	0	1	1	1	0	0	0	1	0	1	1	1	1	1	0	1	1	1	0	1	1	0	0	0	1	0	1	0	0	0	1	1	0	0	0	0	1	0	1	0	0	1	1	0	1	0	1	0	1	1	1	1	1	1	0	1	1	1	1	1	0	1	0	1	1	0	0	0	0	1	0	0	1	1	0	0	1	1	1	0	1	0	0	1	1	0	0	0	0	1	1	1	1	1	0	0	1	0	0	0	1	1	1	0	0	0	1	1	0	0	0	1	1	1	0	1	1	0	0	1	1	0	1	0	0	0	0	0	0	1	0	1	0	0	1	1	1	0	0	0	0	0	1	1	0	1	1	1	1	1	1	1	1	1	0	1	0	0	1	0	0	0	1	1	1	1	1	1	1	1	0	0	1	1	0	1	0	0	0	1	1	1	1	0	0	1	0	0	0	1	1	1	1	0	0	1	0	0	1	0	1	1	1	0	1	0	1	1	1	0	1	1	1	1	1	0	0	1	0	0	0	1	1	1	1	1	1	1	0	1	0	1	1	0	0	1	1	1	1	0	1	0	1	1	1	0	1	1	1	1	1	0	1	1	0	1	1	1	0	1	0	1	1	1	1	1	1	1	0	0	1	0	1	0	1	0	1	0	0	1	1	1	1	1	1	1	1	1	0	0	1	1	1	1	1	1	1	1	1	1	0	1	1	0	0	1	1	1	0	1	1	1	1	1	0	1	1	0	1	1	1	0	1	0	1	1	0	0	1	0	1	0	0	1	1	1	0	0	1	1	1	1	0	1	0	0	1	1	1	1	1	1	1	1	1	1	0	1	0	0	0	1	0	0	1	0	1	1	0	1	1	1	0	1	0	1	1	1	1	0	1	1	1	1	1	1	1	1	1	1	0	1	0	1	1	1	1	1	1	1	0	0	0	0	1	1	1	1	1	1	1	1	1	1	1	1	1	0	0	0	0	1	1	0	1	0	0	0	0	1	0	0	0	1	0	0	1	0	0	1	0	1	1	1	0	1	1	1	1	1	1	0	1	1	0	1	0	1	0	1	1	1	1	0	0	0	0	1	1	1	0	0	1	1	0	1	1	1	0	1	1	0	0	0	1	0	1	1	1	1	0	0	0	0	1	1	1	0	0	1	0	1	0	0	1	1	0	1	0	0	0	1	1	0	0	1	1	1	1	1	1	1	0	1	0	0	1	1	1	1	0	1	1	1	1	0	1	1	1	1	1	0	1	0	1	1	0	1	1	0	0	1	1	1	1	1	1	0	1	0	1	1	1	1	0	0	0	1	1	1	0	1	0	0	0	0	1	1	0	1	0	0	0	1	1	1	0	1	0	1	1	0	1	0	0	1	1	1	1	0	1	0	0	1	1	0	1	1	0	1	1	1	0	1	0	0	1	0	0	0	0	1	1	0	1	0	0	1	1	0	0	1	0	0	1	0	1	0	1	1	1	0	1	1	1	1	1	1	1	1	1	1	1	1	0	1	0	1	1	1	1	0	0	1	1	1	1	0	0	0	1	1	0	1	1	0	1	1	1	1	0	1	1	0	1	1	0	1	1	0	1	1	1	0	1	1	0	1	0	0	1	0	1	1	1	0	1	1	0	0	1	0	0	0	0	0	0	0	1	1	1	1	0	0	0	1	0	0	0	1	0	1	0	0	1	0	1	0	0	1	1	0	1	1	0	0	1	0	1	1	0	1	1	1	0	1	0	1	0	1	0	0	1	0	1	1	1	1	0	1	0	0	0	1	0	1	0	1	1	1	0	1	0	1	0	1	1	1	0	1	0	1	1	0	1	1	1	1	0	1	0	1	1	1	1	1	1	1	1	1	0	0	0	0	1	1	1	0	1	1	0	0	1	1	1	1	1	0	1	1	1	0	1	1	1	1	0	0	1	1	0	1	1	1	1	0	0	1	0	1	1	1	1	0	0	1	0	1	1	0	1	1	0	1	1	1	1	0	1	1	1	0	0	1	1	0	1	0	0	1	0	0	1	0	1	0	0	0	1	1	1	1	0	0	1	1	0	0	1	1	0	1	1	1	0	1	1	0	1	1	1	0	0	0	0	1	1	1	1	1	1	0	0	1	0	1	1	1	0	0	1	0	0	0	1	1	1	1	1	0	1	0	1	1	0	0	0	0	1	0	0	1	0	1	1	0	0	1	0	0	1	1	1	0	1	0	1	0	0	1	1	1	1	0	0	1	1	0	0	0	0	1	0	1	0	0	1	1	0	1	0	0	0	0	0	1	0	0	1	0	1	1	1	1	1	1	0	1	1	1	0	0	0	1	1	0	1	1	1	1	1	1	1	1	1	1	0	1	1	0	1	1	1	1	1	1	1	0	0	1	1	0	1	0	1	0	1	1	0	1	1	0	0	1	0	0	1	0	1	0	1	1	1	1	1	1	1	0	1	0	1	1	1	0	1	1	1	0	0	1	1	0	0	1	0	0	1	1	1	1	0	1	1	1	1	0	1	1	1	1	1	0	0	0	0	0	0	1	1	1	0	1	0	0	0	1	1	0	1	0	1	1	1	1	1	1	0	1	1	0	1	0	0	1	1	1	0	0	1	1	0	0	0	0	1	0	1	0	1	0	1	1	0	1	0	0	1	0	0	0	1	1	1	1	1	1	0	1	0	1	0	1	1	1	1	0	1	0	1	1	1	0	0	1	1	1	1	0	0	0	1	0	1	1	1	1	1	0	1	0	1	1	1	0	0	0	1	0	1	1	0	1	1	0	0	0	0	0	0	0	1	1	0	1	1	0	0	0	0	1	1	1	1	1	0	1	0	1	0	1	0	1	1	1	0	1	1	1	0	0	1	1	0	0	0	0	1	1	0	1	1	1	0	0	0	0	1	0	0	0	1	1	1	0	0	1	0	0	1	0	1	1	1	0	1	1	1	1	1	1	1	0	1	1	0	1	0	1	1	0	0	0	1	1	0	1	1	0	1	0	1	1	1	0	1	1	1	1	1	1	1	1	1	1	0	0	0	0	0	1	1	1	0	1	1	1	0	0	1	0	0	1	1	1	1	0	1	1	1	1	0	1	0	0	0	0	1	1	1	0	1	1	1	0	0	1	1	1	0	1	1	1	1	1	1	0	0	1	1	0	0	0	0	1	1	1	1	0	0	1	1	1	1	1	1	1	0	0	0	1	0	0	1	0	0	1	0	0	0	1	1	1	0	1	1	0	1	1	0	1	1	1	0	1	1	0	0	1	1	0	1	1	1	0	1	0	0	0	0	1	1	0	1	1	0	1	1	0	0	1	1	0	0	1	1	1	1	0	0	0	1	1	1	1	0	1	1	1	1	1	0	0	1	0	1	1	1	0	1	1	0	0	1	0	1	0	0	1	1	0	1	1	0	0	1	1	1	0	0	1	1	1	1	1	1	1	0	0	0	0	0	1	1	1	1	0	0	0	0	0	1	0	1	1	0	1	1	1	1	1	0	0	0	0	0	1	1	1	0	0	1	0	1	1	1	1	0	0	0	0	0	1	1	0	1	1	1	1	1	0	0	0	1	0	1	1	1	1	0	0	0	1	0	1	1	1	0	1	1	1	1	0	0	0	0	1	0	1	1	1	0	1	1	1	1	0	1	0	0	0	1	0	1	0	0	1	1	1	0	0	0	1	1	1	0	0	1	0	1	0	0	0	0	1	1	0	1	1	0	1	1	1	1	0	1	0	1	1	0	1	1	1	1	1	1	0	1	1	1	0	0	1	0	1	0	1	1	1	1	1	0	0	0	1	1	1	0	1	0	0	0	1	0	1	0	1	1	0	0	1	0	0	1	1	0	1	0	1	1	0	0	1	1	0	1	1	1	1	1	1	1	0	1	0	1	1	1	1	1	1	1	1	1	0	0	0	0	1	0	1	1	1	0	0	1	1	0	1	1	0	1	0	0	1	1	0	1	0	1	0	1	1	0	1	1	0	1	0	0	1	1	0	1	1	1	1	1	0	1	0	1	1	1	0	0	0	1	0	1	1	0	1	0	1	1	1	1	0	1	0	1	1	0	1	1	1	1	1	0	1	1	0	1	0	0	1	1	0	1	0	1	1	0	1	0	1	0	1	0	1	1	1	1	1	1	1	1	1	1	0	1	1	1	1	1	0	1	1	1	1	1	1	1	1	1	0	1	0	0	0	1	0	1	1	1	0	1	1	0	0	1	1	0	1	0	1	0	1	1	1	1	1	0	1	0	1	1	1	0	1	1	1	0	0	1	0	1	0	1	1	1	1	0	1	1	1	0	0	0	1	1	1	0	0	1	0	1	1	0	1	0	0	0	1	0	0	0	1	1	1	0	1	1	1	0	1	1	0	1	0	1	0	1	1	0	1	1	1	1	0	1	0	1	0	1	1	0	1	1	0	0	1	1	1	1	1	1	1	1	0	0	1	1	1	0	1	1	0	1	1	1	1	0	1	1	0	1	1	1	1	1	1	0	0	0	1	1	1	1	1	0	0	0	1	0	1	1	1	0	1	0	1	1	1	1	1	1	0	1	0	1	1	1	1	1	0	1	0	1	1	1	0	0	1	1	0	1	1	0	1	0	1	1	1	1	1	0	1	0	1	1	1	1	1	0	0	1	0	1	1	1	1	0	1	1	1	1	1	0	1	1	0	0	0	0	1	1	1	1	1	1	1	1	1	0	1	1	0	1	1	1	0	1	0	0	0	0	1	1	1	1	0	0	0	0	1	1	0	1	1	1	1	0	1	1	1	0	1	0	1	0	1	1	0	0	1	1	0	1	1	1	1	0	1	1	1	0	1	1	1	0	1	0	1	0	0	0	0	0	1	1	1	1	0	0	1	1	0	0	0	0	0	1	1	0	1	0	1	1	1	1	1	1	1	1	0	0	1	1	0	1	0	1	1	0	1	1	0	0	0	1	1	1	1	0	1	0	0	0	1	0	0	1	0	1	1	0	0	1	1	1	1	1	1	0	0	1	1	1	1	1	1	0	1	1	0	1	0	0	1	1	0	1	0	1	1	1	1	0	0	1	1	1	0	0	0	1	1	1	1	1	0	0	0	1	0	1	0	1	1	1	1	0	1	0	1	1	1	1	0	1	0	1	1	1	0	1	1	1	0	1	0	1	1	0	1	1	0	0	1	1	1	1	0	1	1	1	1	0	0	0	0	1	1	0	0	1	1	1	1	1	0	1	1	0	0	1	0	1	0	1	1	1	1	1	1	1	0	1	1	1	1	1	0	1	1	0	0	1	1	0	1	1	1	0	1	1	0	1	1	0	1	1	0	1	0	1	1	1	1	0	0	0	1	0	1	1	1	1	0	0	1	1	1	1	1	0	1	0	0	1	0	0	1	0	1	1	0	1	0	0	1	1	1	0	0	1	1	1	1	1	1	0	1	1	1	1	1	1	0	1	0	1	1	0	1	1	0	0	0	1	1	1	1	1	1	1	1	1	0	0	1	1	0	0	0	1	1	0	0	1	0	1	1	1	0	1	0	0	1	1	0	1	1	1	1	1	0	1	1	1	1	0	1	0	1	1	0	1	1	1	1	1	1	1	1	1	1	1	0	1	0	1	1	1	1	0	1	1	1	0	0	1	1	0	0	0	1	1	1	1	1	0	0	0	1	1	0	1	1	1	1	1	0	0	1	0	1	0	1	1	1	1	1	1	1	1	1	0	1	1	1	0	0	0	1	0	1	0	0	1	1	0	1	0	1	0	0	1	0	1	1	0	1	1	0	1	1	1	0	0	1	0	1	1	1	1	1	0	1	1	0	1	0	1	1	0	1	1	0	0	1	1	0	0	1	1	0	1	1	0	1	1	1	1	1	0	1	1	1	0	0	1	1	0	0	0	1	1	0	0	1	1	0	0	0	0	1	1	1	0	1	1	1	1	0	0	0	0	1	0	1	0	1	1	0	0	1	0	0	1	1	0	1	1	0	0	1	1	1	0	1	1	1	1	1	1	0	0	0	1	1	1	1	1	0	1	1	1	1	1	1	0	0	1	0	1	1	1	1	1	1	1	0	1	1	1	0	0	1	0	1	0	1	0	0	1	1	0	0	1	0	1	0	1	0	0	1	1	1	1	0	1	0	1	0	1	1	1	1	1	0	1	1	0	1	1	1	0	1	1	0	0	1	1	1	0	0	1	0	0	0	1	1	0	0	1	1	1	0	1	1	1	1	1	1	1	1	0	0	1	1	1	0	1	1	0	1	1	1	1	0	1	0	0	0	1	0	1	1	1	0	1	0	1	0	1	0	1	0	1	1	1	1	0	0	1	1	1	1	0	0	0	1	1	1	1	1	1	1	1	0	1	0	1	0	0	0	1	1	0	0	0	0	0	0	1	1	1	0	0	1	0	0	0	1	1	0	1	1	1	1	1	0	1	0	0	0	0	1	0	1	1	1	1	1	0	0	0	0	0	1	0	0	1	1	1	1	1	1	1	1	1	1	1	0	0	1	1	0	1	0	1	0	1	1	0	1	1	1	1	1	0	1	1	1	1	1	1	1	1	0	0	1	1	0	1	1	1	0	1	0	1	1	1	1	0	0	1	1	0	1	0	0	1	0	1	0	1	1	0	1	1	1	1	1	0	1	0	1	1	1	1	1	1	1	0	1	1	1	1	1	1	1	1	1	1	1	1	1	0	1	1	1	1	0	0	1	1	0	1	1	0	0	1	1	0	1	1	1	0	0	1	1	1	1	0	1	1	0	1	1	0	1	1	0	1	1	0	0	0	0	1	0	0	1	0	0	1	1	0	0	1	1	1	1	1	1	0	0	1	0	1	1	0	0	0	1	1	1	1	0	0	1	1	0	0	1	1	1	0	1	0	1	0	1	1	0	1	1	1	0	1	1	0	1	1	1	1	1	0	1	0	0	0	1	1	0	1	0	0	1	0	0	0	0	1	1	1	0	1	1	1	0	1	1	1	1	1	0	1	0	1	0	1	1	1	0	1	1	1	1	0	1	0	1	0	0	1	1	0	0	1	1	1	0	1	0	1	1	1	0	0	1	0	0	0	0	1	1	1	1	1	1	0	0	0	1	1	1	1	0	0	1	1	0	0	0	1	1	1	1	1	0	0	1	1	1	0	0	0	1	1	0	1	1	1	0	0	1	0	1	0	0	0	0	1	1	0	0	1	0	0	1	0	1	1	0	1	0	1	0	1	1	0	1	1	1	1	0	1	1	1	1	1	1	1	1	1	0	1	0	1	1	1	0	1	1	1	1	1	1	0	1	0	0	0	0	1	0	1	1	0	0	0	1	0	0	1	0	0	0	1	1	1	0	0	0	1	1	1	1	1	1	1	1	1	1	0	1	0	0	1	0	1	1	0	1	0	1	0	1	0	1	0	1	1	1	0	1	0	1	1	0	0	0	0	1	0	1	1	0	1	1	1	0	1	1	1	0	1	1	1	1	1	1	1	0	1	0	0	1	1	1	1	1	1	0	1	1	0	1	0	1	1	1	1	1	0	0	1	0	0	1	0	0	1	1	0	1	0	1	0	1	1	0	0	0	0	0	1	1	1	0	1	0	0	1	0	0	0	1	0	1	1	1	1	0	1	0	0	1	0	1	1	0	0	1	0	1	1	0	1	0	1	0	0	1	1	1	0	1	1	0	1	1	0	0	1	1	0	1	0	1	0	0	1	1	1	0	0	0	1	1	0	1	1	0	1	0	1	0	1	1	0	1	1	1	1	0	0	0	1	0	0	1	0	1	0	0	0	1	1	1	1	1	1	0	0	1	0	1	0	0	1	1	1	0	0	1	1	0	1	1	0	1	1	1	0	1	1	0	1	0	1	1	1	1	1	1	0	1	0	0	0	1	0	1	0	0	1	0	1	1	1	1	1	1	0	0	0	0	0	0	0	0	1	1	0	0	0	0	1	1	1	0	0	0	0	0	0	0	1	0	0	1	0	0	1	1	0	1	1	0	1	1	0	0	0	0	1	1	0	1	1	1	0	1	0	1	0	0	1	1	0	1	1	0	0	1	1	1	1	0	1	0	1	1	1	0	0	0	0	1	0	0	1	1	1	1	1	1	0	1	0	1	1	1	1	0	0	1	1	1	0	1	1	1	1	0	1	1	0	0	1	1	1	1	1	1	1	1	0	0	1	1	0	1	0	0	0	1	0	0	0	1	0	1	1	1	1	1	0	1	1	0	0	1	0	1	1	1	1	1	1	1	1	1	0	0	0	1	1	1	1	0	1	1	1	1	1	1	1	1	0	1	1	1	0	1	1	1	0	0	1	1	1	1	1	1	0	0	1	1	1	0	1	1	0	1	0	1	0	0	1	0	0	1	0	0	0	1	1	1	1	0	1	1	0	1	1	0	1	1	1	0	1	0	0	1	