Performance Statistics:------------------------------------------------------------------------
Training Accuracy	Testing Accuracy	Training Coverage	Testing Coverage
0.5194334867828411	NA	0.9955128205128205	NA

Population Characterization:------------------------------------------------------------------------
MacroPopSize	MicroPopSize	Generality
989	1000	0.6382625000000002

SpecificitySum:------------------------------------------------------------------------
A_0	A_1	A_2	A_3	A_4	A_5	A_6	A_7	A_8	A_9	A_10	A_11	A_12	A_13	A_14	A_15	A_16	A_17	A_18	A_19	A_20	A_21	A_22	A_23	A_24	A_25	A_26	A_27	A_28	A_29	A_30	A_31	A_32	A_33	A_34	A_35	A_36	A_37	A_38	A_39	A_40	A_41	A_42	A_43	A_44	A_45	A_46	A_47	A_48	A_49	A_50	A_51	A_52	A_53	A_54	A_55	A_56	A_57	A_58	A_59	A_60	A_61	A_62	A_63	A_64	A_65	A_66	A_67	A_68	A_69	A_70	A_71	A_72	A_73	A_74	A_75	A_76	A_77	A_78	A_79
414	344	362	369	386	325	340	424	392	370	375	352	394	410	374	344	363	362	401	351	345	348	444	373	366	349	361	349	398	351	348	307	399	351	369	316	368	344	412	388	345	367	333	363	333	341	376	313	358	345	425	379	400	379	390	308	382	273	333	372	284	320	360	324	387	355	323	414	344	293	285	369	369	340	365	400	363	398	405	388

AccuracySum:------------------------------------------------------------------------
A_0	A_1	A_2	A_3	A_4	A_5	A_6	A_7	A_8	A_9	A_10	A_11	A_12	A_13	A_14	A_15	A_16	A_17	A_18	A_19	A_20	A_21	A_22	A_23	A_24	A_25	A_26	A_27	A_28	A_29	A_30	A_31	A_32	A_33	A_34	A_35	A_36	A_37	A_38	A_39	A_40	A_41	A_42	A_43	A_44	A_45	A_46	A_47	A_48	A_49	A_50	A_51	A_52	A_53	A_54	A_55	A_56	A_57	A_58	A_59	A_60	A_61	A_62	A_63	A_64	A_65	A_66	A_67	A_68	A_69	A_70	A_71	A_72	A_73	A_74	A_75	A_76	A_77	A_78	A_79
281.6229571245681	225.3751076606946	245.26312590782288	256.55436763360365	259.7947892997619	224.0282883873871	223.04375197748078	294.726817668481	262.2667952202039	251.4560517094801	250.66031686537207	239.66573106970577	263.19181882115765	276.1510516875972	243.05941818665218	234.47746423728265	243.03137381179573	246.91561937942612	276.8229634863534	229.15952811280357	235.33867360487758	233.88677669596666	303.7109724716252	247.58675535793708	264.0103786653506	222.70924236137546	236.06823982144252	234.8429062466079	267.9349219024644	229.31418418772236	240.9676062215451	217.75468668382896	276.9880405576014	227.8240600712173	247.54394722815806	203.19577603206181	253.56812162062513	238.72265751648598	280.33710197225264	265.2464706904537	225.97535935445106	253.7646915844056	216.3298552169807	246.42826296965723	231.34636184045533	233.12539777515184	270.6670412585477	219.03239255262545	256.6999929600031	233.55594317277473	295.0447184306202	258.65558892658686	261.5372901941047	250.74658358487287	268.0270021155631	201.20540871751544	272.35011163437935	173.42793474684993	224.70212142537332	255.50251948665357	193.078280201173	199.95829286551125	234.71778316855458	213.59570480065733	256.433112157544	225.44336742709072	222.76775531532365	279.3976936323966	237.28214641053307	207.6612905843506	183.62629284601388	242.12797173419742	248.80453745020992	222.4863600818291	251.78995916056806	256.4811616529203	245.0190778902783	275.897151920331	275.53079440905844	254.15263973600872

Run Time(in minutes):------------------------------------------------------------------------
Global Time	20.79867736498515
Matching Time	11.030084272225698
Deletion Time	5.248895593484243
Subsumption Time	1.411758538087209
Selection Time	0.07455779711405436
Evaluation Time	1.8154151876767477

CorrectTrackerSave:------------------------------------------------------------------------
0	1	1	0	1	0	0	0	0	1	0	1	0	1	0	1	1	1	0	1	0	0	1	1	0	1	1	0	0	1	0	0	1	1	1	1	0	0	1	1	1	1	0	0	0	0	0	1	0	1	1	1	1	1	1	1	1	1	1	0	1	0	0	0	1	0	1	0	0	0	0	1	1	0	0	0	1	1	0	0	1	1	1	0	0	0	1	1	1	0	0	1	0	1	1	1	1	0	1	0	1	1	1	1	1	0	1	0	0	1	1	0	0	0	1	0	0	1	1	0	1	1	0	1	1	1	0	1	1	1	0	1	1	0	0	1	1	1	0	0	1	0	1	1	0	1	0	1	1	1	1	1	0	0	1	1	1	0	1	0	0	1	0	1	1	0	1	0	0	1	0	1	1	1	0	1	1	0	1	1	1	0	1	1	1	1	0	1	1	1	0	0	0	1	1	0	1	0	1	1	1	0	1	1	0	0	0	1	0	1	1	1	1	1	1	1	1	1	0	0	0	1	0	1	1	1	1	1	1	1	0	0	0	1	0	1	1	1	1	1	1	1	1	1	0	0	1	0	1	0	1	0	1	1	0	1	1	1	1	1	1	1	1	1	1	1	0	0	1	1	0	1	0	0	1	1	1	0	1	1	1	0	1	1	1	1	1	0	1	1	1	1	1	1	0	1	0	1	0	0	1	0	1	1	1	1	0	0	0	0	1	1	1	1	1	1	1	0	1	1	0	1	1	1	0	0	1	1	1	1	0	1	0	1	1	0	0	1	0	1	1	1	1	1	1	0	0	1	1	0	0	1	1	0	1	0	0	0	1	0	1	1	0	1	1	1	1	1	0	0	1	1	1	0	0	1	0	1	1	0	1	1	0	1	0	0	1	1	1	0	1	1	0	0	1	1	1	1	1	0	1	1	1	1	1	1	1	1	0	1	1	1	0	0	0	1	0	1	0	1	0	0	1	1	1	0	0	1	0	1	1	0	0	1	1	0	1	0	0	1	0	1	1	0	0	1	0	0	0	0	1	1	1	1	0	0	0	1	0	0	1	0	1	1	1	0	1	1	1	1	0	0	0	1	1	1	1	1	0	0	1	1	1	0	1	1	0	1	1	1	1	1	1	1	1	1	1	0	0	0	0	0	1	0	0	0	1	1	0	0	0	1	0	0	1	0	1	1	0	1	1	1	0	0	1	1	0	0	0	0	0	1	1	1	1	0	0	1	0	0	0	1	0	1	0	1	0	1	1	1	0	0	1	1	0	1	1	1	0	1	0	0	0	0	0	1	1	0	0	1	1	0	1	1	1	1	1	0	1	0	1	1	1	1	1	0	1	1	0	1	1	0	1	1	0	1	0	0	1	1	0	0	1	0	1	0	1	1	0	0	0	1	0	1	1	1	1	1	1	0	0	1	0	0	0	1	0	1	0	0	0	0	1	0	0	0	1	0	1	1	0	1	1	1	0	1	1	0	1	1	0	1	1	0	0	1	0	0	0	1	0	1	0	0	0	0	1	1	0	1	1	0	1	1	1	0	1	1	1	1	1	1	0	1	0	1	1	0	0	1	1	0	1	1	1	0	1	1	0	0	1	1	0	0	1	1	1	0	0	1	0	0	0	1	1	1	1	0	0	0	1	0	0	1	0	1	1	1	1	1	1	1	0	1	1	1	0	1	0	0	0	1	0	0	0	1	1	0	1	0	0	1	1	1	0	0	1	0	1	1	0	0	1	0	1	1	0	1	1	1	1	1	0	0	0	1	1	0	0	1	0	1	0	1	0	0	0	1	0	0	1	0	1	1	0	0	1	1	0	1	1	1	0	0	1	0	0	1	1	1	1	1	0	0	1	0	1	1	1	1	0	0	1	1	1	1	0	1	0	0	0	0	1	1	1	0	1	0	1	1	0	0	1	1	0	1	1	0	1	0	0	1	1	1	1	1	1	1	1	1	1	1	0	1	1	0	0	1	1	0	1	1	1	1	0	1	1	0	1	0	0	1	1	1	1	0	1	1	1	1	1	0	1	1	0	0	0	1	1	0	0	1	1	1	1	0	1	0	1	1	0	0	1	1	1	1	0	1	0	1	1	0	1	0	1	1	0	0	1	1	0	0	0	1	0	1	1	1	0	1	1	1	0	1	1	1	1	1	1	1	0	1	1	0	0	0	0	1	1	0	1	1	0	0	1	1	1	0	1	0	1	1	1	1	0	0	1	0	0	1	0	0	1	1	0	0	0	1	0	1	1	1	1	1	0	1	1	1	0	0	0	0	0	1	1	0	1	0	0	0	0	0	0	0	0	0	1	1	1	0	0	0	1	0	1	1	1	1	1	1	1	0	1	1	1	1	0	0	1	1	1	1	1	1	0	1	1	1	0	1	1	0	1	1	0	1	1	1	1	1	0	0	1	0	1	0	0	1	0	1	1	1	0	1	0	1	1	1	0	0	1	0	1	0	1	1	1	1	0	0	1	1	1	1	0	1	0	0	0	1	1	0	1	0	0	0	0	0	0	1	0	1	0	0	0	1	1	1	1	1	1	0	1	1	0	1	1	1	1	1	0	1	0	1	0	1	0	0	0	0	1	1	1	1	1	1	1	1	1	1	1	0	1	1	0	1	0	1	0	1	1	1	1	0	1	1	0	1	1	1	1	1	0	0	0	1	0	0	1	1	1	1	1	0	1	1	1	0	1	0	1	1	1	1	1	1	1	1	0	0	0	1	0	0	1	1	1	1	0	1	0	0	1	0	0	0	0	0	1	0	1	0	1	1	1	0	0	1	1	0	0	0	1	1	0	1	1	1	0	1	0	0	1	1	1	1	0	1	1	0	1	1	1	0	1	0	1	0	0	1	1	1	0	1	0	1	0	1	0	1	1	1	1	0	1	0	0	1	1	0	0	1	1	1	0	1	0	1	1	0	1	1	1	1	0	1	1	0	1	1	0	0	1	0	1	1	0	0	0	1	1	0	0	1	1	1	1	1	1	1	1	1	0	0	0	0	0	1	1	0	0	1	1	1	1	1	0	1	0	0	0	0	0	0	1	0	1	1	1	1	1	1	0	1	1	1	1	1	1	0	0	1	1	1	1	1	0	1	1	1	1	0	1	1	1	0	1	0	1	0	1	0	1	0	1	1	1	1	1	0	1	1	0	0	1	1	1	0	0	0	0	1	1	0	1	0	0	1	0	1	1	0	1	1	0	0	1	0	0	1	0	0	1	1	0	1	1	1	1	1	0	0	1	1	1	1	1	1	0	1	1	1	1	0	0	0	1	1	1	1	1	0	1	1	0	0	1	1	0	1	1	0	1	0	1	1	0	0	1	1	0	1	0	0	1	0	0	0	1	1	1	1	1	0	1	1	1	1	0	1	0	1	1	1	0	1	1	1	1	0	1	1	1	1	0	1	0	1	1	0	0	1	1	1	1	0	1	1	1	1	1	1	0	0	0	1	0	0	1	0	1	0	1	1	1	1	1	1	1	0	0	1	1	0	0	0	0	1	1	0	0	1	0	1	0	0	1	1	0	0	0	0	0	1	0	1	1	1	0	1	1	1	1	0	0	1	1	1	1	0	1	0	0	1	1	0	1	0	1	1	1	1	0	1	1	0	0	0	0	0	1	0	1	1	0	1	0	1	1	0	1	1	0	0	1	0	1	0	1	1	1	0	1	0	1	0	0	1	1	1	1	1	0	1	1	1	0	1	1	1	1	0	0	0	1	1	1	0	0	0	1	1	0	0	1	0	1	0	1	0	0	1	1	1	1	1	1	1	1	0	0	1	1	1	1	0	0	1	0	1	1	1	0	1	1	1	1	1	0	0	0	0	1	0	1	1	0	0	1	1	1	1	1	1	1	1	0	0	0	1	1	1	0	0	1	0	1	0	0	1	0	0	1	1	0	0	1	1	1	1	0	1	1	1	1	1	0	1	1	1	0	1	1	0	1	1	1	0	0	0	1	0	0	1	0	1	0	1	0	1	1	1	0	1	0	1	0	1	0	1	0	1	1	1	1	1	1	1	0	0	0	0	1	0	1	1	0	1	1	0	0	0	0	1	1	1	1	0	1	0	0	1	1	0	1	1	1	0	1	1	0	0	1	1	1	0	0	0	1	0	1	0	1	1	1	0	0	0	0	0	1	1	1	0	0	1	0	1	1	0	0	1	0	1	1	1	0	1	1	1	1	1	1	1	0	0	1	0	0	1	0	1	1	0	0	0	0	0	1	1	0	1	1	1	1	1	0	1	0	1	1	1	0	0	0	0	1	0	0	0	1	0	0	0	0	1	1	1	0	1	1	0	1	1	1	1	1	1	1	0	1	1	0	0	1	1	0	1	1	1	0	1	1	0	0	0	0	0	1	0	0	1	1	0	0	0	1	1	1	0	1	1	1	0	1	1	1	0	0	1	0	1	1	0	0	1	1	1	1	0	0	0	1	1	0	0	0	1	1	1	0	0	0	1	0	1	0	0	1	0	1	1	0	1	1	1	0	1	1	1	0	0	0	1	1	1	1	1	1	1	0	1	1	1	1	1	1	1	0	1	0	0	1	1	1	1	1	0	0	1	1	1	0	0	1	0	0	1	0	1	1	0	1	1	0	0	1	0	1	0	1	0	1	1	1	1	1	0	0	1	1	0	1	1	0	1	1	0	0	1	1	0	1	1	0	1	0	1	1	0	1	1	1	1	1	1	1	1	0	1	1	0	0	1	1	0	0	1	1	1	0	1	0	1	1	0	1	1	0	1	1	1	1	1	1	1	0	1	1	0	1	0	1	1	1	1	0	0	0	1	0	0	0	0	1	1	1	1	1	0	1	1	0	1	0	0	1	1	0	0	1	1	1	1	1	1	0	1	0	1	0	0	1	1	1	1	1	0	1	1	0	0	0	1	1	1	0	1	1	1	0	0	1	0	1	1	1	0	1	0	1	0	1	0	1	0	0	0	1	0	0	0	0	0	0	0	1	0	0	0	1	1	0	1	1	0	0	0	0	1	1	0	1	1	0	0	1	1	0	1	0	1	1	0	0	1	1	0	1	0	1	1	1	0	0	0	1	1	0	0	1	1	0	0	1	1	1	1	0	0	1	1	1	0	1	1	0	0	1	0	1	1	1	0	1	0	1	1	1	1	1	1	1	1	0	1	0	1	1	0	0	0	1	0	0	1	1	1	0	0	1	1	1	0	1	1	1	1	1	0	0	1	1	1	1	0	0	1	0	1	1	1	0	0	0	1	1	0	1	0	1	1	1	1	1	1	1	1	1	1	0	1	0	1	0	0	1	1	1	0	1	0	1	0	1	0	0	1	0	0	0	1	1	1	0	0	1	0	1	0	0	0	1	1	1	1	1	0	0	1	1	0	1	0	1	1	0	1	0	0	0	1	0	1	1	1	0	0	0	1	1	1	0	1	1	0	1	1	1	1	1	0	0	1	0	0	0	1	1	1	0	1	1	0	1	0	0	0	1	0	1	0	0	1	0	1	1	0	0	1	1	0	0	1	1	1	1	1	0	0	0	1	1	1	0	1	1	1	1	1	1	0	1	0	1	1	0	0	1	0	1	0	1	0	0	0	0	1	1	0	1	1	0	1	0	0	1	0	0	1	0	1	1	1	0	1	0	1	1	0	0	1	1	1	1	0	0	0	0	0	1	1	1	1	0	0	1	1	1	1	0	0	0	0	1	0	1	1	0	0	1	1	1	1	1	1	0	0	1	1	1	0	1	0	1	1	1	1	1	0	0	1	1	0	0	1	1	0	0	0	0	0	0	1	1	1	0	0	1	1	1	1	1	0	0	1	0	1	1	1	0	1	1	1	1	0	1	0	0	0	1	0	1	0	1	1	0	0	0	1	0	1	1	0	1	0	1	0	1	0	0	0	1	1	1	0	1	1	1	1	1	1	1	0	0	0	1	1	1	1	1	0	0	1	0	1	1	1	1	0	1	1	0	1	0	1	1	1	1	0	0	0	0	1	1	1	0	1	0	0	1	0	1	0	1	1	1	0	1	1	0	0	1	0	1	1	1	0	1	1	0	1	1	0	1	1	0	1	1	0	0	0	1	0	1	1	0	0	0	1	1	0	1	0	1	0	0	1	0	1	0	1	1	1	1	0	0	1	1	1	1	0	1	1	0	0	1	0	1	0	1	1	0	1	1	0	1	1	0	0	1	0	1	1	1	1	1	0	1	0	0	1	1	0	0	0	1	0	1	1	0	1	0	1	0	0	1	0	0	0	1	1	0	1	0	1	1	0	1	1	1	1	1	0	1	1	1	0	1	0	1	1	0	0	0	1	0	1	0	1	1	1	1	1	1	1	0	0	1	1	1	0	0	0	1	0	1	1	1	1	0	1	1	1	1	0	1	0	0	0	1	0	1	1	1	0	1	1	0	0	0	1	0	1	0	1	0	1	0	0	1	1	0	1	0	1	1	1	0	1	1	0	1	1	1	0	1	0	0	1	1	1	0	1	1	1	1	1	0	1	0	1	0	0	1	0	1	0	1	1	0	0	0	1	1	1	1	1	1	1	0	1	1	1	0	0	0	1	1	0	1	0	1	1	0	1	0	1	0	1	1	1	0	1	0	1	1	1	1	0	1	1	1	1	1	1	1	0	1	0	0	0	1	0	0	1	1	1	0	1	1	1	0	1	1	1	1	1	0	0	1	0	0	0	0	1	1	0	1	1	0	1	0	0	0	1	0	1	1	0	1	1	1	1	1	1	0	0	1	0	1	0	1	1	1	0	1	0	1	1	1	0	0	1	1	0	1	1	1	1	0	0	1	1	0	1	0	1	1	1	0	0	0	1	0	0	1	0	0	1	0	1	1	0	1	0	1	1	0	1	1	1	1	0	0	1	1	1	0	1	1	1	1	1	0	0	1	0	1	1	1	0	1	0	1	0	1	1	1	1	1	0	0	1	0	1	0	0	1	1	1	1	1	1	0	1	1	0	0	1	0	0	1	1	1	1	1	0	1	1	1	0	1	0	1	0	0	1	1	0	0	1	0	1	1	1	0	1	0	1	1	1	1	0	0	1	1	0	1	1	0	0	0	1	0	1	1	1	0	0	1	1	0	1	1	0	0	1	0	1	1	1	1	0	0	1	1	1	1	0	1	1	1	1	0	1	0	0	1	0	0	0	1	0	1	0	0	0	1	1	1	1	1	1	0	0	1	1	0	1	1	0	0	1	1	0	0	0	0	1	1	0	1	0	1	1	1	1	1	0	1	1	1	0	0	0	0	0	1	1	1	0	0	0	1	0	1	0	1	1	1	1	1	1	1	0	1	0	1	0	1	0	0	0	1	0	0	1	0	0	0	0	1	1	0	1	1	1	1	0	1	1	1	1	1	1	0	1	0	0	0	0	0	1	0	1	1	1	0	1	1	0	1	1	0	0	1	1	1	1	1	1	1	1	1	1	1	0	0	1	1	1	0	1	1	0	0	0	1	1	0	0	1	1	1	0	0	1	1	1	1	1	1	0	1	0	0	1	0	1	0	0	1	1	1	1	1	1	1	0	0	0	1	1	1	1	0	0	1	0	1	0	0	0	0	1	1	0	1	0	1	1	0	0	0	1	1	1	1	0	1	1	1	1	1	1	1	1	1	0	1	1	1	0	1	1	1	1	0	1	1	1	1	1	1	1	1	1	0	1	0	1	1	1	0	0	0	1	0	1	1	0	1	1	1	0	1	1	0	1	0	1	0	1	1	1	1	0	1	1	1	0	1	1	0	1	1	0	1	0	1	1	1	0	1	1	1	1	1	0	1	0	1	1	1	1	0	1	0	1	0	0	1	0	0	0	0	1	0	0	1	1	0	0	0	1	1	0	1	1	1	1	1	1	0	1	1	1	1	0	1	1	1	1	1	0	0	0	1	1	1	0	0	1	1	1	0	1	0	1	1	1	0	0	1	1	0	0	1	1	1	1	0	1	1	0	1	1	1	1	1	1	0	1	1	1	1	0	0	1	1	0	1	1	1	0	0	1	1	0	0	1	1	1	0	1	1	0	1	0	0	0	0	1	1	1	1	0	1	0	0	0	0	1	0	0	0	1	0	0	0	1	1	0	0	1	0	1	0	1	0	1	1	1	1	0	1	0	0	1	1	1	0	1	0	0	1	1	0	0	1	1	0	1	1	0	1	1	1	1	1	0	1	1	1	1	1	0	0	1	1	1	1	1	1	0	0	1	0	1	0	1	0	0	1	0	1	1	1	1	1	0	1	0	1	1	1	1	0	1	0	1	0	0	0	0	1	0	0	0	0	0	1	0	1	0	0	1	1	1	1	0	1	1	1	0	1	1	1	1	1	0	1	1	1	1	1	1	0	1	1	0	0	1	1	1	1	1	1	1	0	1	1	1	0	1	1	0	1	1	1	1	0	0	0	1	0	0	0	0	1	1	1	1	1	1	1	1	1	1	1	0	1	0	0	0	1	0	1	1	0	1	1	1	1	0	1	0	1	1	1	0	1	1	1	1	1	1	1	1	0	0	1	1	1	1	0	0	1	0	1	0	1	0	1	1	0	0	1	1	1	0	1	0	1	0	1	1	1	1	1	1	0	0	1	1	1	1	1	1	1	1	1	1	1	0	0	1	0	1	1	1	0	1	1	0	0	1	0	1	1	1	0	0	1	1	0	1	1	1	1	1	1	1	1	1	0	1	0	0	1	0	1	0	1	1	1	1	1	1	0	1	0	1	1	1	1	1	1	0	0	0	0	1	0	0	0	1	1	0	1	1	1	1	1	1	0	0	1	1	0	1	1	1	1	0	1	0	1	1	0	1	1	1	1	1	0	1	0	1	1	0	0	1	1	1	0	1	0	1	1	0	1	1	1	1	1	1	1	1	0	1	0	0	0	0	0	1	1	0	1	0	0	1	0	0	0	1	0	1	0	0	1	0	1	1	0	1	0	0	1	1	1	1	0	0	1	0	0	0	1	0	1	1	0	1	0	1	1	1	1	0	1	1	1	0	0	1	0	1	0	0	1	1	0	0	0	1	1	1	1	0	0	1	1	0	1	0	1	1	1	0	0	1	0	1	1	0	1	1	1	0	1	1	0	1	1	1	1	1	0	1	0	1	0	1	0	0	1	0	0	1	0	1	1	0	1	1	1	0	0	1	1	1	1	1	0	0	1	1	1	1	1	0	1	0	1	1	0	0	0	1	0	1	0	1	1	1	1	1	0	1	1	0	0	1	1	0	0	1	1	0	0	0	0	0	1	0	1	0	1	0	1	0	0	0	0	1	1	0	1	0	0	1	1	0	0	1	0	0	1	0	1	0	0	1	1	1	0	1	0	0	1	0	1	1	0	0	1	1	1	0	1	0	0	0	0	1	0	1	1	0	0	1	1	1	1	0	0	0	1	0	0	1	1	1	1	0	1	0	1	1	1	1	0	1	1	1	1	0	1	1	1	1	1	0	1	1	1	1	1	1	0	1	0	0	0	0	1	1	0	0	1	0	0	1	0	0	1	0	0	1	1	1	1	1	0	0	0	1	1	1	1	1	0	1	1	1	0	1	1	1	0	0	1	1	1	1	0	0	0	0	0	0	0	1	0	0	0	1	0	1	1	0	1	1	0	1	1	0	1	0	1	1	1	0	1	0	1	1	0	1	1	1	1	1	0	1	0	0	0	1	1	1	1	0	1	1	1	1	0	1	0	1	1	1	1	1	1	1	1	0	1	1	1	0	1	1	1	1	0	0	0	0	0	0	1	0	0	0	1	1	1	1	1	0	0	1	1	1	0	1	0	1	1	1	1	0	1	0	0	1	1	1	1	0	0	1	0	1	1	1	1	0	1	1	0	1	1	1	0	1	1	0	0	1	0	1	1	0	1	1	1	1	0	1	1	0	1	1	0	0	0	1	1	1	1	0	1	0	1	1	1	0	0	0	0	1	1	0	1	0	1	1	0	1	1	1	0	0	0	0	1	1	1	0	1	0	0	1	0	1	0	0	1	1	0	0	0	1	1	0	1	1	0	1	1	1	0	1	1	0	1	0	1	1	0	0	0	1	0	1	0	0	1	1	1	1	1	0	1	0	0	1	1	1	1	1	0	0	1	0	0	0	0	0	0	1	1	1	0	0	1	0	1	0	0	0	0	0	1	0	1	0	0	1	0	0	0	1	0	1	1	0	1	1	1	0	1	1	1	0	0	1	1	1	0	1	1	1	0	0	1	0	0	1	0	0	0	1	1	1	0	0	1	0	1	1	1	1	1	0	1	1	0	0	1	0	1	1	0	1	0	1	0	1	1	1	1	0	1	1	0	1	0	1	1	1	0	0	1	1	0	0	1	1	1	0	1	1	1	1	0	0	1	1	1	0	1	0	0	1	1	1	0	0	0	1	1	1	1	1	1	1	0	1	1	0	0	1	0	1	1	1	1	1	1	1	0	1	0	1	1	1	1	0	1	1	1	1	1	1	1	1	0	1	1	0	1	1	0	0	1	1	1	1	1	1	1	0	1	0	1	1	1	0	1	1	0	1	1	1	0	1	0	0	0	0	0	0	1	1	1	0	1	0	1	1	1	1	1	0	1	1	1	1	1	0	0	1	