Performance Statistics:------------------------------------------------------------------------
Training Accuracy	Testing Accuracy	Training Coverage	Testing Coverage
0.5264217123453562	NA	0.997008547008547	NA

Population Characterization:------------------------------------------------------------------------
MacroPopSize	MicroPopSize	Generality
992	1000	0.6247500000000015

SpecificitySum:------------------------------------------------------------------------
A_0	A_1	A_2	A_3	A_4	A_5	A_6	A_7	A_8	A_9	A_10	A_11	A_12	A_13	A_14	A_15	A_16	A_17	A_18	A_19	A_20	A_21	A_22	A_23	A_24	A_25	A_26	A_27	A_28	A_29	A_30	A_31	A_32	A_33	A_34	A_35	A_36	A_37	A_38	A_39	A_40	A_41	A_42	A_43	A_44	A_45	A_46	A_47	A_48	A_49	A_50	A_51	A_52	A_53	A_54	A_55	A_56	A_57	A_58	A_59	A_60	A_61	A_62	A_63	A_64	A_65	A_66	A_67	A_68	A_69	A_70	A_71	A_72	A_73	A_74	A_75	A_76	A_77	A_78	A_79
448	327	358	378	424	418	394	399	354	315	395	334	354	386	336	364	397	428	377	411	400	402	369	371	374	352	322	400	363	408	328	389	394	372	370	367	322	326	393	391	466	390	369	328	354	370	412	403	380	385	370	367	416	386	385	392	446	330	342	332	363	385	321	427	372	340	367	347	377	328	371	363	343	401	363	381	425	345	439	329

AccuracySum:------------------------------------------------------------------------
A_0	A_1	A_2	A_3	A_4	A_5	A_6	A_7	A_8	A_9	A_10	A_11	A_12	A_13	A_14	A_15	A_16	A_17	A_18	A_19	A_20	A_21	A_22	A_23	A_24	A_25	A_26	A_27	A_28	A_29	A_30	A_31	A_32	A_33	A_34	A_35	A_36	A_37	A_38	A_39	A_40	A_41	A_42	A_43	A_44	A_45	A_46	A_47	A_48	A_49	A_50	A_51	A_52	A_53	A_54	A_55	A_56	A_57	A_58	A_59	A_60	A_61	A_62	A_63	A_64	A_65	A_66	A_67	A_68	A_69	A_70	A_71	A_72	A_73	A_74	A_75	A_76	A_77	A_78	A_79
291.6390289723472	203.40671748962242	238.9630092369653	247.33198604993117	270.4538962158677	277.22240364508383	260.41329911753604	265.63217689212263	222.1893856030689	200.08524106411582	251.85768868366043	205.9587538087682	222.7607664796624	244.95437707299703	217.49719248272459	227.35127876391604	256.37526245002084	267.91861354968626	237.89267627095472	266.74755453070395	246.80646674169307	249.61087675189336	238.13907568564	230.90493956888193	245.91353406056086	212.6738013760731	209.7918666681457	241.80632347295366	226.3969157795568	258.1499906628701	208.9016220913526	245.92058282999304	240.40693632385293	244.36920710410263	239.93839043111814	223.24623144202627	206.18627028298732	200.87943804927983	261.3617401289355	258.65244074167254	308.1577829036025	245.0202217452738	231.44294251405213	202.30955750260708	220.80863816097636	228.47275178396447	256.55027454240343	249.0089732996676	250.52817105716917	243.13164334987488	244.50540609019822	236.84566380032356	269.6282216150866	256.8193954626138	253.51915971728747	253.10286979001276	280.60582199606074	231.74788568006258	208.9915220137634	216.24386641942272	238.21762585877372	240.7597408959041	208.20456855790073	278.43382755184643	253.31671595843545	218.24866437395514	245.64173352682957	229.0641318557324	246.7312073888734	202.81977128904643	228.74234531971283	221.37056365393767	205.63728595052856	250.98934377490727	236.92605763300625	246.51552664635017	273.2344815699029	217.13573464183082	275.71323367887356	207.20726030963263

Run Time(in minutes):------------------------------------------------------------------------
Global Time	25.731977260112764
Matching Time	13.688853220144908
Deletion Time	6.574430910746257
Subsumption Time	1.7650217334429423
Selection Time	0.09288561741511027
Evaluation Time	2.0998274366060894

CorrectTrackerSave:------------------------------------------------------------------------
0	0	1	0	1	0	1	0	0	1	0	0	0	1	0	1	1	0	0	0	0	0	1	1	0	0	0	1	0	0	0	0	1	1	1	1	1	1	0	0	1	1	0	0	0	1	0	1	0	1	1	0	0	1	1	1	1	1	0	0	1	0	1	0	0	0	1	0	0	1	0	1	1	0	0	0	1	0	0	0	1	0	1	1	0	0	1	1	1	0	0	1	0	1	1	1	1	1	1	0	1	1	0	1	1	0	1	0	0	1	1	0	1	0	1	0	1	1	0	1	1	0	0	1	1	1	0	1	1	1	0	0	1	0	0	1	1	1	0	1	1	1	1	1	0	1	1	1	1	1	1	1	0	1	0	1	0	0	1	0	0	1	1	1	1	0	0	0	0	1	0	1	0	1	0	1	1	0	1	1	1	0	1	1	1	1	1	1	1	1	1	0	1	1	0	0	1	0	0	1	1	0	0	1	0	0	0	1	1	1	1	1	1	1	1	1	0	0	0	0	0	1	0	1	1	1	1	1	1	1	0	0	0	1	0	1	0	1	0	1	1	1	1	1	0	1	1	0	0	0	1	1	1	0	1	0	1	1	0	1	1	0	1	0	0	1	0	0	1	1	0	0	0	0	1	1	1	0	1	1	1	1	1	1	1	1	1	0	0	1	0	1	1	1	1	1	0	1	0	0	1	0	1	1	1	0	1	0	0	0	1	1	1	0	1	1	1	1	1	1	0	1	1	0	0	0	1	1	0	1	0	1	1	1	1	0	1	1	0	0	1	1	1	0	1	0	0	1	1	1	0	1	1	0	1	1	0	0	1	0	1	0	0	1	0	1	1	1	0	1	1	1	1	0	1	1	0	1	1	0	0	1	1	1	0	1	0	1	1	1	1	1	1	1	0	1	1	1	0	1	0	1	1	1	0	1	1	1	1	0	1	1	0	0	0	0	0	1	1	0	1	0	0	1	1	1	0	1	0	1	1	0	0	0	1	0	1	1	1	0	0	1	1	0	0	1	0	0	1	0	1	1	1	1	0	0	0	0	1	0	0	0	1	0	1	0	1	1	1	1	0	0	0	1	1	1	1	1	0	1	1	1	1	0	1	1	1	1	1	1	1	1	1	1	0	0	0	0	1	0	1	0	1	0	0	1	1	1	0	0	0	1	0	1	1	1	1	1	1	1	1	1	0	0	1	1	0	0	0	1	0	0	1	1	1	0	0	1	0	1	0	1	0	0	0	1	1	1	0	1	0	0	1	1	0	0	1	1	0	1	0	0	0	1	1	1	1	0	0	1	1	0	1	0	0	0	0	0	1	1	1	1	0	1	1	0	1	1	1	1	1	0	1	1	1	1	0	0	1	1	0	0	1	0	1	0	1	1	0	1	0	0	0	1	1	1	1	0	1	0	0	1	1	0	1	1	0	1	0	1	0	0	0	0	1	1	1	0	1	1	0	1	0	0	0	0	1	1	0	1	0	1	1	1	0	1	0	1	0	1	1	0	0	1	1	1	1	1	1	1	1	0	1	1	1	0	1	0	1	0	1	1	0	1	0	1	1	0	1	0	1	1	1	1	1	0	1	1	1	0	0	1	0	0	0	0	1	0	1	1	1	0	0	1	0	1	0	1	1	0	1	0	0	1	0	1	1	1	1	0	1	1	1	0	1	1	0	1	1	0	1	0	1	1	1	1	1	0	1	1	1	1	1	1	0	0	1	0	1	1	0	0	1	0	0	1	1	0	0	1	1	1	0	0	0	1	1	0	0	0	0	0	0	1	0	0	1	1	1	1	0	1	1	0	0	0	0	0	0	0	1	1	0	0	1	0	1	1	0	1	0	1	1	1	0	1	1	0	1	1	0	0	0	0	0	0	0	1	0	1	0	1	0	0	1	0	0	1	0	1	1	0	0	0	0	1	1	0	1	0	0	0	1	1	1	1	1	1	1	1	0	1	1	1	0	0	0	1	1	0	1	1	1	0	0	1	1	0	1	1	1	1	1	1	1	0	1	1	1	1	0	0	1	1	1	1	1	1	1	0	1	0	1	0	1	0	1	0	1	1	0	0	1	1	1	1	1	0	1	1	1	0	1	0	0	0	0	1	1	1	0	0	0	0	0	1	1	1	0	1	1	1	0	0	1	0	1	1	1	1	1	1	1	0	0	1	0	1	1	1	1	1	1	0	1	1	0	1	1	1	1	1	1	1	1	0	0	0	0	1	1	0	1	1	0	0	0	1	0	1	0	1	0	1	0	1	1	1	0	1	1	0	0	0	0	1	1	0	0	0	1	0	0	0	0	1	1	1	1	0	0	1	0	0	1	0	1	1	1	1	1	1	1	1	1	1	1	1	1	1	1	1	0	1	1	0	0	0	1	0	0	0	1	0	0	1	1	1	1	0	0	0	1	0	1	0	0	1	0	1	1	1	0	1	1	0	1	1	1	0	1	1	1	1	0	1	1	1	0	0	0	1	1	1	0	1	1	0	0	1	1	1	1	0	1	1	1	0	0	1	0	1	0	1	0	0	1	1	0	0	1	1	1	1	0	1	1	1	1	1	1	0	1	0	0	0	0	0	1	0	0	1	1	1	1	1	1	1	0	1	1	0	1	1	0	1	1	0	0	0	1	1	1	0	1	1	0	0	0	1	1	1	1	0	0	1	0	1	1	1	1	1	1	0	1	1	1	0	1	0	1	1	0	1	0	1	0	1	1	0	0	1	0	1	1	0	1	1	0	1	0	0	0	0	0	1	1	0	1	0	1	0	1	1	1	0	0	1	1	0	1	1	0	1	1	1	1	1	1	1	0	0	1	1	1	1	0	1	1	1	0	0	0	0	1	0	0	0	0	1	1	1	1	1	0	0	1	1	0	1	1	1	1	1	0	1	1	1	1	0	1	0	1	1	0	1	1	1	1	1	1	0	1	0	0	1	1	0	1	0	0	0	1	0	1	1	0	0	1	0	1	0	0	1	1	1	1	1	1	1	0	1	0	0	0	0	0	1	1	0	1	1	1	1	1	1	0	1	0	0	0	1	1	0	1	0	1	1	1	1	1	1	0	1	1	1	1	1	1	1	1	0	0	1	1	1	0	0	1	0	0	1	1	1	1	1	1	1	1	0	1	1	1	1	0	1	1	1	1	0	1	1	1	1	1	1	1	1	0	0	0	1	0	0	1	1	0	1	1	1	1	0	0	1	0	0	1	0	0	1	0	1	1	1	1	1	1	1	1	1	0	0	1	0	1	0	0	1	0	1	1	1	1	0	0	0	1	1	1	1	0	1	1	1	0	0	1	0	1	1	1	0	0	0	0	0	0	0	1	1	1	0	0	1	1	0	1	1	1	1	1	1	1	1	1	1	1	1	0	0	0	1	0	0	1	1	1	1	0	0	1	1	1	1	1	0	0	1	1	1	0	1	1	1	1	0	1	1	1	1	0	0	1	0	1	1	1	1	1	1	1	1	1	1	1	1	1	1	1	0	0	1	1	1	1	0	0	1	1	0	0	0	1	1	0	0	1	1	1	1	0	0	0	1	0	1	0	1	0	1	1	1	1	0	0	1	1	1	0	0	0	0	0	1	0	0	1	0	1	1	1	1	0	1	1	0	0	0	0	0	0	1	0	0	0	1	0	1	1	1	1	1	0	0	1	0	1	0	1	1	1	0	0	0	1	1	0	1	1	1	0	1	0	0	1	1	0	1	1	1	1	1	0	0	0	1	1	0	0	0	1	1	1	1	1	0	1	0	1	0	0	1	1	1	0	1	0	1	1	0	1	1	1	0	1	0	0	1	0	1	0	0	0	1	1	0	1	1	0	0	0	1	0	0	1	0	0	1	1	1	1	1	1	0	0	1	0	0	0	1	0	0	0	0	1	0	1	0	0	0	0	0	1	0	0	0	1	1	0	1	0	0	1	1	1	1	0	1	0	1	0	1	1	0	1	1	1	0	0	0	1	0	1	0	0	0	0	0	1	0	0	1	0	0	0	1	1	1	0	1	1	1	0	1	1	1	1	1	0	0	0	0	1	1	1	1	0	1	1	1	0	0	0	1	1	1	1	1	1	0	0	1	1	0	1	1	1	1	1	1	0	0	0	1	1	1	0	1	0	1	0	0	1	1	1	0	1	0	0	1	0	1	1	1	0	0	0	1	1	0	0	0	1	1	1	1	1	1	1	1	1	1	0	1	0	1	1	0	0	0	0	1	1	0	0	1	1	0	1	0	1	1	1	1	0	1	0	0	0	0	1	1	1	0	0	1	1	1	0	1	1	0	0	1	0	1	1	1	1	1	1	0	1	1	1	1	1	1	1	0	1	1	0	1	1	0	0	1	1	0	0	1	1	1	0	0	0	0	1	0	0	1	0	0	0	1	0	1	0	0	1	1	1	1	1	1	1	0	0	1	1	1	1	0	1	0	1	1	0	0	0	0	0	1	0	1	0	1	1	1	0	0	0	1	0	1	0	0	1	1	1	1	1	1	1	1	0	1	1	1	0	0	0	1	1	0	1	1	1	1	1	1	1	0	1	1	1	1	1	0	1	0	1	1	0	1	1	0	0	1	1	1	0	0	1	1	1	1	0	1	1	0	0	1	1	0	1	0	1	0	1	1	1	1	1	1	1	0	0	0	1	1	1	1	0	0	1	0	0	1	1	1	0	0	1	1	0	1	1	0	0	0	1	1	1	0	1	0	0	1	1	0	0	0	0	0	0	1	0	1	0	1	1	1	1	0	1	0	1	0	1	1	1	1	1	1	0	0	1	0	1	1	0	1	1	1	0	0	1	0	0	1	0	1	1	1	0	1	1	1	0	1	0	0	0	0	1	1	0	0	0	1	1	1	1	1	0	0	0	1	0	0	1	1	1	0	1	0	1	1	0	0	0	1	1	1	1	0	0	0	1	0	1	0	1	1	1	0	1	0	0	0	0	0	0	0	1	0	1	1	0	0	1	0	0	0	0	0	1	0	1	1	1	1	1	0	1	1	0	1	1	1	1	1	0	1	0	1	0	0	0	0	1	0	0	0	0	0	1	0	1	1	0	0	1	0	1	1	0	0	1	1	1	0	1	1	1	1	0	0	1	1	0	1	1	1	0	0	1	0	1	1	1	0	1	1	1	0	0	1	0	1	1	1	0	1	0	1	1	0	0	1	1	1	0	0	1	0	0	0	1	1	1	0	0	1	1	1	1	0	1	1	0	0	0	0	0	0	0	1	1	1	0	1	1	1	0	0	1	0	1	1	1	0	1	0	0	0	1	1	1	1	0	0	1	0	1	1	1	0	1	1	1	1	1	0	0	0	1	1	1	1	1	1	0	0	0	1	1	0	0	0	0	0	1	1	1	0	1	1	1	1	0	1	1	1	0	0	0	0	0	0	0	1	0	1	0	0	0	1	0	1	0	1	1	0	1	0	0	1	1	1	1	1	0	0	0	1	1	0	1	1	1	1	1	0	0	0	1	0	0	0	1	1	0	1	1	0	0	1	1	1	0	1	0	0	1	0	0	0	1	1	1	1	1	1	0	1	1	1	1	0	1	0	1	1	1	0	1	1	1	0	1	0	0	0	0	0	1	1	1	0	0	0	1	0	1	0	0	1	1	1	1	1	1	1	0	1	1	0	0	0	1	0	1	0	0	0	1	0	1	1	0	1	0	0	1	1	1	1	0	0	1	0	1	1	1	1	0	0	0	0	1	1	1	1	0	1	1	0	0	0	0	1	1	1	1	1	0	0	0	1	0	0	1	1	1	1	1	0	0	0	1	1	1	1	0	0	0	1	1	1	0	0	1	1	0	1	1	1	0	1	1	0	1	1	1	0	1	0	1	0	1	0	0	1	1	1	0	1	0	1	1	1	1	0	1	0	0	0	1	1	0	1	0	0	1	1	0	1	0	1	1	1	1	0	0	1	0	1	1	1	0	1	0	0	1	1	1	0	1	0	0	1	0	0	1	0	1	1	0	0	1	1	0	1	0	1	0	0	1	1	0	1	0	1	1	0	1	1	0	0	1	0	0	1	0	0	1	1	1	1	1	0	0	0	1	0	1	0	1	0	1	0	0	1	1	1	1	1	0	1	1	0	1	1	1	1	0	1	1	1	1	1	0	1	0	1	0	0	0	0	1	0	0	1	1	0	0	0	1	0	1	1	1	1	1	1	1	1	0	0	0	1	0	1	1	0	1	0	0	1	1	0	1	0	1	1	1	1	0	0	1	1	1	1	1	0	1	0	1	0	0	1	1	1	0	1	0	1	1	1	1	1	0	1	1	0	1	1	1	1	0	0	0	1	0	1	0	1	1	1	1	1	0	1	1	1	1	0	1	0	1	1	1	0	1	1	1	1	1	1	1	1	1	0	1	1	0	0	1	1	0	1	0	0	1	1	0	0	1	1	0	0	0	1	0	1	0	1	1	1	0	1	0	1	1	0	0	1	1	0	0	0	1	0	1	0	1	1	1	1	0	1	1	0	0	1	0	0	1	1	0	0	1	1	1	1	0	1	0	0	0	1	1	0	1	1	1	0	0	1	1	0	1	0	0	1	0	0	1	0	0	1	0	1	1	1	0	0	0	0	1	1	0	1	1	1	1	0	0	1	1	1	1	0	1	1	1	1	1	0	1	1	0	1	1	1	0	0	1	1	0	1	1	0	1	1	1	1	1	1	0	0	1	1	1	0	1	1	0	1	0	1	0	1	0	1	1	0	1	1	1	0	1	1	0	0	0	1	1	0	1	1	1	0	1	1	1	0	1	0	1	1	1	0	1	1	1	0	0	0	1	1	0	1	1	0	0	0	0	0	0	1	1	0	0	0	1	1	1	1	0	0	1	1	0	1	0	0	1	1	1	0	0	1	1	1	0	0	1	0	1	1	0	1	0	0	1	1	0	0	1	0	1	0	0	1	1	1	1	0	0	1	1	1	0	0	1	1	1	1	1	0	1	1	1	1	1	1	0	0	1	0	1	0	1	1	1	1	1	1	0	0	1	0	0	1	1	1	0	0	0	1	1	1	0	1	0	1	0	1	1	0	0	1	1	0	1	1	0	0	1	0	0	1	0	1	0	0	0	1	1	1	1	1	0	1	0	0	1	1	1	1	0	1	0	1	1	0	1	1	1	1	0	1	0	1	1	0	0	0	1	0	0	0	0	0	1	0	0	0	0	1	1	0	1	1	0	1	1	1	0	1	1	0	1	0	1	1	1	0	1	0	1	1	1	1	1	1	0	0	1	1	0	0	1	0	1	1	1	0	0	0	0	0	1	1	1	0	0	1	0	1	1	0	0	1	0	0	1	0	1	0	1	1	1	1	1	1	0	0	1	1	0	1	1	0	1	1	1	1	1	1	1	1	1	0	0	0	1	0	0	0	0	0	0	1	1	1	1	0	1	1	0	0	1	1	1	0	1	1	1	1	1	1	1	1	0	1	1	1	0	0	1	0	1	1	1	1	0	0	1	1	0	0	0	1	1	1	1	1	1	0	1	0	1	1	0	1	0	1	1	1	1	1	0	1	1	0	0	1	1	1	0	1	0	1	1	0	1	0	0	1	0	1	1	0	1	0	0	1	1	0	0	1	1	1	1	1	0	1	0	1	1	1	1	1	1	1	1	0	1	0	0	1	1	0	0	0	1	1	1	1	0	1	1	0	1	1	0	0	1	1	0	0	1	1	1	0	0	0	1	1	1	0	0	1	0	1	1	1	0	1	1	1	0	0	0	1	1	0	0	1	0	1	1	0	1	0	0	1	1	0	1	0	0	0	1	0	1	0	0	1	1	1	0	1	0	1	0	0	1	1	1	0	0	1	1	1	1	1	0	0	0	1	1	0	1	1	1	1	0	0	0	1	1	1	1	1	1	1	1	1	1	1	1	0	0	0	1	0	0	1	1	1	0	0	0	0	1	1	0	0	0	1	0	1	1	1	1	1	0	1	1	1	1	0	1	1	1	1	0	1	1	1	1	0	0	1	1	1	1	1	1	0	0	1	1	0	0	1	1	0	0	1	1	0	1	0	1	0	1	1	1	1	0	1	0	1	1	0	1	0	1	0	0	1	0	0	0	1	1	0	1	0	0	1	1	1	1	1	0	1	1	0	0	0	0	1	1	1	0	1	0	1	1	1	0	0	1	1	0	1	1	0	0	1	1	1	0	0	1	1	0	1	1	0	1	1	1	1	0	1	1	0	0	0	1	0	1	0	0	0	1	0	1	1	1	0	1	1	1	0	1	1	1	1	0	1	1	1	0	1	0	1	1	1	1	0	1	1	1	0	1	0	0	0	1	1	0	0	1	1	1	1	1	1	0	0	1	0	0	1	1	1	1	1	0	1	1	0	0	0	1	1	0	0	1	0	1	1	1	1	1	0	1	1	1	1	0	1	1	0	0	1	0	0	0	0	1	1	1	0	1	0	1	1	1	1	1	0	1	0	0	0	1	1	1	1	0	1	0	0	1	0	1	0	1	0	1	0	1	1	1	1	1	0	1	1	0	1	1	1	0	1	0	1	1	1	1	0	0	0	0	1	0	1	1	1	1	0	1	1	1	0	1	1	1	0	1	0	0	0	0	1	1	1	1	1	1	1	1	1	1	0	0	1	0	1	1	1	1	1	1	0	0	0	0	1	1	1	1	0	1	0	1	1	0	1	1	1	1	1	1	1	0	1	1	0	1	0	0	0	1	1	0	1	1	1	0	1	1	1	1	1	1	0	0	0	0	0	0	1	1	0	0	1	1	0	1	0	1	1	1	1	0	0	1	1	0	0	1	1	1	1	1	0	1	1	1	0	1	1	1	0	0	0	0	0	1	1	0	1	1	1	0	1	0	1	0	0	1	1	1	1	1	1	1	1	0	0	0	1	1	0	0	1	1	1	1	1	0	1	0	1	0	1	1	1	0	0	1	0	1	1	0	1	1	0	0	1	0	0	0	0	1	1	0	0	1	1	1	0	1	1	1	1	1	1	1	0	1	1	1	0	0	1	0	1	1	0	1	1	0	0	1	1	1	1	1	0	1	1	1	0	1	1	1	1	1	0	0	1	0	0	0	0	1	0	1	0	1	1	0	1	1	1	1	1	0	1	0	0	0	1	0	0	0	0	1	0	0	0	1	0	1	0	1	0	1	1	1	1	0	1	0	1	1	1	1	0	1	0	1	1	1	1	0	1	0	1	1	1	1	1	1	1	0	1	0	1	1	0	1	0	1	0	1	1	1	0	1	1	0	0	1	0	1	0	1	1	0	0	0	0	0	1	1	0	1	1	1	1	1	0	0	0	1	1	1	1	1	0	0	1	1	1	0	1	0	0	1	0	1	1	1	0	1	1	1	0	1	0	1	0	1	1	0	0	1	0	0	1	0	1	1	0	1	0	1	0	1	1	1	0	1	1	1	0	1	1	0	1	1	0	1	1	1	0	1	1	1	1	1	0	1	1	0	1	0	1	0	1	0	0	0	0	1	1	1	1	1	0	0	1	0	0	1	0	0	1	1	1	1	1	0	0	1	1	1	1	0	1	1	1	1	1	1	1	1	0	0	0	1	1	1	1	0	1	0	0	0	0	1	1	1	1	0	1	1	1	1	0	0	0	0	1	0	1	1	0	1	1	1	1	1	1	1	0	0	1	1	1	1	1	0	1	1	0	0	0	1	1	1	0	1	1	1	1	0	1	0	1	1	1	1	1	1	1	0	0	1	1	1	1	1	0	1	1	0	0	1	1	0	0	0	0	0	0	1	1	1	1	1	0	0	1	1	1	1	1	1	1	1	1	1	0	1	1	0	1	0	1	1	0	0	1	0	1	1	0	1	1	1	0	0	1	1	1	1	1	1	0	1	1	0	1	1	0	0	1	1	1	1	0	1	1	1	0	1	0	0	1	1	1	1	0	1	0	1	0	1	1	0	0	0	1	1	0	1	0	1	0	0	1	1	1	0	1	1	1	1	1	0	1	1	0	0	0	0	1	1	0	1	1	0	0	1	1	1	0	1	1	1	1	0	1	0	1	1	1	1	0	1	1	0	0	0	1	0	1	0	1	1	1	0	1	0	0	0	0	1	1	0	1	1	1	0	0	1	0	0	0	0	0	1	1	0	0	0	1	1	1	1	0	1	0	0	1	0	0	0	0	1	1	0	0	1	0	0	1	1	0	1	1	1	1	1	1	0	1	0	1	1	1	0	1	1	1	0	1	1	0	1	1	0	1	1	1	0	1	0	1	1	0	1	1	0	1	0	0	1	1	0	1	1	1	0	1	1	1	0	1	1	1	0	1	0	1	1	1	0	1	0	1	1	0	1	1	1	1	1	1	0	1	1	1	1	1	1	1	0	0	1	1	0	1	0	1	0	1	0	1	0	1	1	1	1	1	1	1	0	1	1	0	1	1	0	1	0	0	1	0	1	1	1	1	0	0	0	1	1	0	1	1	1	1	1	1	1	1	1	1	0	1	1	0	1	1	0	0	0	1	1	1	1	0	1	1	0	0	1	1	1	0	1	1	0	1	1	0	0	0	1	1	0	1	0	0	0	1	1	1	0	0	1	1	0	1	1	1	1	0	1	0	1	0	0	1	