Performance Statistics:------------------------------------------------------------------------
Training Accuracy	Testing Accuracy	Training Coverage	Testing Coverage
0.5276356612356459	NA	0.9989316239316239	NA

Population Characterization:------------------------------------------------------------------------
MacroPopSize	MicroPopSize	Generality
993	1000	0.6394749999999996

SpecificitySum:------------------------------------------------------------------------
A_0	A_1	A_2	A_3	A_4	A_5	A_6	A_7	A_8	A_9	A_10	A_11	A_12	A_13	A_14	A_15	A_16	A_17	A_18	A_19	A_20	A_21	A_22	A_23	A_24	A_25	A_26	A_27	A_28	A_29	A_30	A_31	A_32	A_33	A_34	A_35	A_36	A_37	A_38	A_39	A_40	A_41	A_42	A_43	A_44	A_45	A_46	A_47	A_48	A_49	A_50	A_51	A_52	A_53	A_54	A_55	A_56	A_57	A_58	A_59	A_60	A_61	A_62	A_63	A_64	A_65	A_66	A_67	A_68	A_69	A_70	A_71	A_72	A_73	A_74	A_75	A_76	A_77	A_78	A_79
490	313	420	381	331	328	350	427	369	289	378	405	293	382	315	301	360	313	346	371	356	347	373	411	368	316	344	325	395	319	309	335	328	341	362	373	356	305	352	330	321	325	421	331	346	354	352	398	392	316	309	365	432	356	361	408	342	433	364	365	369	360	346	375	411	377	344	360	438	434	328	349	332	327	408	393	372	307	447	367

AccuracySum:------------------------------------------------------------------------
A_0	A_1	A_2	A_3	A_4	A_5	A_6	A_7	A_8	A_9	A_10	A_11	A_12	A_13	A_14	A_15	A_16	A_17	A_18	A_19	A_20	A_21	A_22	A_23	A_24	A_25	A_26	A_27	A_28	A_29	A_30	A_31	A_32	A_33	A_34	A_35	A_36	A_37	A_38	A_39	A_40	A_41	A_42	A_43	A_44	A_45	A_46	A_47	A_48	A_49	A_50	A_51	A_52	A_53	A_54	A_55	A_56	A_57	A_58	A_59	A_60	A_61	A_62	A_63	A_64	A_65	A_66	A_67	A_68	A_69	A_70	A_71	A_72	A_73	A_74	A_75	A_76	A_77	A_78	A_79
328.2447098365832	209.258629691999	306.49491490333634	258.2162751692058	232.6627587294925	225.3199726913271	237.25218667635107	294.3551274411466	263.5659008705452	192.32654932285595	260.4057200100762	285.36910085194194	199.0332591995183	245.10585471410764	211.0601851827345	199.69085489509558	236.25546819470753	202.3488501548181	234.6780581979161	272.2646697024336	251.4402719801521	234.83128193315648	243.1882361040998	284.00895077396643	272.4690086957994	209.21623553236043	238.6997562748036	219.08811353263837	257.97084369999055	226.48735095542892	215.2514179935893	230.30359769624118	237.17314842167616	228.88635724025028	239.62814912723545	260.56018189586274	255.30568579034437	205.78382405090622	239.77012913568154	230.18588885578748	211.2265788162627	229.8282381953523	279.0604986733823	215.46482987887617	236.32241925861425	247.98455210504153	250.11838899379038	264.5614589118401	279.3818844214813	211.51230493418487	204.33529934403418	264.5684656619073	295.9303980845154	249.5425904308474	253.445896254991	281.6070799621325	232.43446258390446	288.5619948334321	258.0239208214656	245.17125848757746	243.1944521493226	244.52968656381015	231.85066830884602	260.94097646484715	303.4165787685234	266.84984055557186	229.22895803542568	235.34443713812334	307.229582433243	315.07220073128417	228.92367729254786	241.72045100534416	224.04194693736042	222.49242189744245	296.70508418813205	277.33235471136874	257.16837631522077	207.40039529403933	305.3589662281267	238.39489306974855

Run Time(in minutes):------------------------------------------------------------------------
Global Time	9.272378655274709
Matching Time	4.6930300951004025
Deletion Time	2.1967395305633546
Subsumption Time	0.5920900623003642
Selection Time	0.03112870454788208
Evaluation Time	1.2415955781936645

CorrectTrackerSave:------------------------------------------------------------------------
0	1	1	0	1	0	1	0	0	1	0	1	0	0	0	1	1	1	1	0	0	0	1	1	1	1	0	0	0	0	0	0	1	0	1	1	1	1	0	0	1	1	0	0	0	1	0	0	0	1	1	1	1	1	1	1	1	0	1	0	1	0	0	0	0	0	1	0	0	0	0	1	0	0	0	0	1	0	0	0	1	1	1	0	0	0	1	0	1	1	0	1	1	1	1	1	1	0	0	0	0	0	1	1	1	0	1	0	1	1	1	1	1	0	1	0	1	0	1	1	1	0	1	1	1	0	0	0	1	1	1	1	1	1	0	1	1	1	1	1	1	0	1	1	0	1	0	1	1	1	1	1	0	1	1	1	1	1	1	0	0	1	1	1	1	0	1	0	0	1	0	1	1	1	1	1	1	0	0	0	0	0	0	1	1	1	1	1	1	1	0	0	0	1	1	0	1	1	1	1	0	0	0	1	0	1	0	1	0	1	1	1	1	1	1	1	1	0	1	0	0	1	0	0	1	1	1	0	1	1	0	0	0	1	0	1	0	1	1	1	1	1	1	1	0	0	1	0	1	0	0	0	1	0	0	1	1	1	1	0	1	0	0	1	0	1	0	0	1	1	0	1	0	1	1	1	1	1	1	1	1	0	0	1	1	1	1	1	1	1	0	1	1	1	0	1	0	0	0	0	1	0	1	1	0	0	1	1	0	0	1	0	0	1	1	1	1	0	1	1	0	1	1	0	0	0	0	1	0	1	1	1	0	1	1	0	1	1	1	1	1	1	1	1	1	0	0	1	1	0	0	0	1	1	1	1	1	0	1	0	0	1	0	1	1	1	1	1	0	1	1	1	1	1	0	1	1	0	1	0	1	1	1	1	0	0	1	1	1	0	1	1	1	1	0	1	1	1	0	1	1	1	0	1	1	1	1	0	1	1	1	1	0	1	0	0	0	1	0	1	1	0	1	1	1	0	1	1	1	1	1	1	0	0	0	1	1	0	1	1	0	1	1	0	1	0	1	0	0	1	1	1	1	0	0	0	0	1	0	1	1	0	1	1	1	0	1	1	1	1	0	0	0	0	0	1	1	0	0	0	1	1	1	0	1	1	1	1	1	1	1	1	1	1	1	1	0	0	1	0	1	1	0	0	0	0	1	1	0	0	0	1	0	1	1	0	1	0	1	1	1	1	0	1	1	1	0	0	0	0	1	1	1	1	1	0	1	1	0	1	0	1	0	1	1	0	1	1	1	1	0	0	1	1	0	1	1	1	0	1	0	1	0	0	1	1	1	0	0	1	1	0	1	1	1	1	1	0	1	1	1	1	1	1	1	1	1	1	0	1	1	0	1	1	0	1	0	0	1	0	0	0	1	0	1	1	1	1	0	0	0	1	0	1	0	1	1	1	1	0	0	1	0	0	1	1	0	1	0	0	0	0	0	0	0	0	1	0	1	1	0	1	0	0	0	1	1	1	1	1	0	1	1	1	0	1	0	1	0	1	0	0	1	0	1	1	1	1	0	1	1	1	1	1	1	1	1	0	1	1	0	1	0	1	0	1	1	0	0	0	1	1	1	1	1	0	0	1	0	0	1	1	0	0	0	1	1	1	0	1	1	0	0	1	1	1	1	1	0	0	1	0	0	1	0	1	1	1	1	1	1	0	0	0	1	1	0	1	1	0	0	1	0	0	0	1	1	0	0	1	1	1	1	0	0	0	1	0	1	1	1	0	1	0	0	1	0	0	1	0	1	1	0	1	0	1	0	0	0	1	0	1	0	1	0	0	0	0	1	0	1	1	1	1	0	1	0	1	1	0	1	1	0	0	1	0	1	0	0	1	0	1	0	0	0	1	0	1	1	1	0	0	0	1	1	0	0	1	1	1	0	1	0	1	1	0	1	0	0	0	1	1	1	1	1	0	1	0	0	0	0	1	1	1	0	1	0	1	1	1	0	1	1	0	1	1	0	1	1	1	1	1	1	0	0	1	1	1	1	1	0	0	1	1	1	0	1	1	1	1	0	1	1	1	1	1	0	1	1	1	0	0	1	1	1	0	0	0	1	1	1	0	1	1	0	0	1	0	0	1	1	0	0	0	0	0	0	0	1	1	0	1	1	1	0	0	1	1	0	1	1	1	0	0	1	1	1	1	1	1	1	1	1	1	0	1	0	1	1	1	1	1	0	0	1	0	0	1	1	1	1	1	1	0	0	0	0	1	0	1	1	0	0	1	0	0	0	1	0	1	1	0	0	1	0	1	1	1	0	1	1	1	0	0	1	0	0	0	0	0	1	1	1	0	0	0	1	1	1	0	0	1	0	0	1	1	1	1	1	1	1	0	1	0	0	1	1	1	0	1	1	1	1	1	0	0	0	0	0	0	1	0	1	0	0	0	1	1	1	1	0	0	1	0	1	0	0	1	0	1	1	1	0	1	0	1	0	1	1	0	1	0	1	0	0	0	1	1	0	1	1	0	1	1	0	1	0	1	0	1	0	1	1	0	1	0	0	0	0	1	0	1	0	1	1	1	0	0	0	1	1	1	1	1	0	1	1	1	1	0	1	1	1	1	1	1	0	1	0	0	1	1	1	0	1	1	0	1	1	1	1	0	1	1	0	1	0	1	1	0	1	1	1	0	0	1	0	0	0	1	1	1	0	0	0	1	0	0	1	0	1	0	1	0	1	0	1	0	1	0	1	0	1	1	0	1	0	1	1	0	0	1	1	1	1	1	0	0	0	0	0	0	1	0	0	0	0	1	1	1	1	0	1	1	1	0	1	1	1	1	0	0	0	1	0	1	1	1	0	1	0	1	0	1	1	1	1	1	0	0	1	0	0	0	1	1	1	0	0	0	1	0	0	1	1	1	1	1	0	0	1	1	0	1	0	1	1	1	1	1	0	1	1	1	0	1	1	1	1	1	1	0	1	0	0	1	1	0	1	1	1	0	1	0	1	1	0	0	1	1	1	1	1	1	0	0	0	0	1	1	1	1	0	0	0	0	0	1	1	0	1	1	0	1	1	1	0	1	0	0	0	0	0	1	1	0	1	1	1	1	1	1	0	1	1	1	1	1	1	0	1	1	1	1	1	1	0	0	0	0	1	1	0	1	1	1	1	0	1	1	0	1	1	1	1	1	1	1	1	0	1	1	1	1	1	1	1	0	0	0	0	1	1	0	1	1	0	0	0	1	0	1	0	0	0	0	0	0	0	1	0	0	1	1	1	1	1	1	1	1	0	0	1	1	1	0	1	1	0	1	1	0	1	0	0	0	0	1	1	1	0	0	0	1	0	1	1	1	1	1	1	0	1	0	0	1	1	0	1	1	1	0	0	1	0	0	1	0	1	1	1	1	1	0	1	1	1	1	0	0	0	1	1	0	1	1	1	1	1	0	1	1	1	0	1	1	1	1	1	1	1	1	1	1	1	0	1	1	1	0	0	0	1	0	1	1	1	0	1	1	1	1	1	1	1	1	1	1	1	0	1	1	1	1	0	0	1	1	1	0	0	1	1	1	0	0	0	1	0	1	0	0	0	0	0	1	1	1	0	1	1	1	1	0	0	1	1	1	1	0	1	0	0	1	0	0	1	0	1	1	1	1	0	1	0	0	1	0	0	1	0	0	1	0	0	0	0	1	1	1	1	1	0	0	1	0	0	0	1	1	1	0	0	0	1	0	1	1	1	1	0	1	0	1	1	1	0	1	1	1	1	1	0	1	1	1	1	0	1	1	1	1	0	0	1	0	1	0	1	1	0	0	1	0	0	0	0	1	1	0	0	1	1	1	1	0	1	1	1	1	1	1	0	1	1	0	1	1	0	1	1	0	0	0	1	0	1	1	1	1	1	1	1	0	0	1	0	0	1	1	0	1	0	0	1	1	1	0	0	1	0	0	1	0	0	0	1	1	0	1	1	1	1	1	1	1	0	1	0	1	0	1	1	0	1	1	1	1	1	1	1	0	1	1	0	1	0	1	1	0	1	1	1	0	0	1	1	1	0	1	1	1	0	1	1	1	0	1	1	0	0	0	0	1	0	1	0	1	1	1	0	0	1	1	1	0	1	0	1	0	0	1	1	0	1	1	1	0	1	1	1	0	1	1	1	1	0	0	1	0	0	1	1	1	1	1	1	0	0	0	1	0	1	0	0	1	0	1	1	0	1	1	1	1	1	1	1	1	1	1	1	1	0	1	0	1	1	0	0	1	0	0	0	0	1	1	1	0	1	0	1	0	1	1	0	1	1	1	0	1	1	1	0	0	0	1	1	0	0	1	1	0	0	0	0	1	1	1	1	1	1	1	1	1	0	1	1	1	1	0	0	1	0	1	1	1	0	1	1	0	0	0	1	0	0	0	1	0	1	0	1	1	0	0	0	0	0	1	1	1	1	1	1	0	1	1	0	0	0	1	1	1	1	0	0	0	1	1	1	0	0	0	0	1	0	0	1	0	1	1	0	0	0	1	0	1	0	0	1	0	1	1	1	1	1	1	0	1	1	1	1	0	0	0	1	1	1	1	1	1	0	1	1	1	1	1	1	1	0	0	1	0	1	1	1	1	1	0	0	1	1	1	0	0	1	1	1	1	0	1	1	0	1	1	0	0	1	0	1	0	1	1	1	1	1	1	1	0	1	0	1	1	1	1	0	1	1	0	0	1	1	0	1	1	0	1	1	0	1	1	0	0	1	1	0	0	1	1	0	1	1	0	0	0	0	0	0	1	0	1	1	1	1	1	1	0	1	1	0	1	1	1	1	1	1	1	0	1	1	0	1	0	1	1	1	1	0	0	1	1	0	0	0	1	1	1	1	0	1	1	1	1	0	0	0	0	1	0	0	0	1	1	1	1	0	0	0	1	0	1	1	1	1	1	1	0	1	0	1	1	1	1	0	1	1	1	0	0	0	0	1	0	1	0	1	0	1	0	0	0	1	0	1	0	0	0	0	0	1	0	0	1	0	0	0	1	0	1	0	0	1	0	0	0	1	0	1	0	0	1	1	1	1	1	0	1	0	1	0	0	0	1	1	1	1	1	1	0	1	0	1	1	1	0	0	0	1	1	0	1	1	1	0	0	0	1	0	1	0	0	1	1	1	1	1	1	1	0	1	0	1	0	0	0	1	0	1	0	0	0	0	1	1	1	0	1	0	1	0	0	0	0	1	0	0	1	1	0	1	0	1	1	1	1	1	1	1	1	1	0	1	1	0	0	1	0	1	1	1	1	1	1	0	0	0	1	1	0	1	0	1	0	1	0	1	0	1	1	1	1	1	1	0	1	0	0	1	1	1	1	1	0	0	0	1	1	0	1	0	1	0	1	1	1	1	0	0	1	1	0	1	0	0	1	1	1	1	0	1	1	1	1	0	0	1	1	1	0	1	0	0	0	1	1	1	1	1	0	0	1	1	0	0	1	1	1	1	1	0	1	1	1	1	1	1	0	0	1	1	1	0	1	1	1	1	0	0	0	1	0	0	0	1	1	0	1	1	0	0	1	0	1	0	1	0	1	1	0	0	1	1	1	1	1	0	1	1	1	1	1	1	0	1	0	1	1	0	1	1	0	0	1	1	0	0	0	0	1	1	0	0	1	0	1	1	0	1	1	0	1	0	1	1	1	0	1	0	0	1	0	1	1	1	1	1	0	0	0	1	0	1	1	1	1	0	1	1	1	1	1	1	0	0	1	1	1	1	1	0	0	1	0	1	1	1	1	1	1	1	0	0	0	1	0	1	0	1	1	1	0	0	1	1	0	0	1	1	1	1	0	1	1	1	1	1	1	0	0	1	1	0	0	0	0	1	1	1	1	1	1	0	1	1	1	1	0	1	0	0	0	1	0	0	0	1	1	1	1	0	1	0	1	1	1	1	1	1	1	0	0	0	0	0	1	1	0	1	1	0	1	1	1	1	0	1	0	1	1	0	1	0	1	0	1	1	1	1	1	1	0	1	1	0	1	0	1	0	1	1	0	0	1	1	1	0	1	0	1	1	0	1	1	1	1	1	1	1	0	1	1	0	0	1	1	0	1	1	0	1	0	0	1	0	0	1	0	0	0	0	1	1	1	1	0	0	1	0	1	1	1	1	1	1	1	1	1	1	1	1	1	0	1	0	0	0	0	0	1	1	1	1	0	1	0	0	1	1	1	1	0	1	1	0	1	1	1	1	1	0	1	0	0	0	1	0	1	1	1	1	0	0	1	1	1	1	1	1	0	1	1	0	1	1	1	1	0	1	0	1	0	1	1	0	0	1	1	1	0	0	1	1	1	1	1	1	1	1	0	1	0	1	1	0	0	0	1	0	1	0	1	1	1	1	1	1	1	1	1	1	0	1	0	0	1	1	0	1	1	0	1	1	1	1	1	1	0	1	1	1	0	1	1	1	1	1	0	0	1	0	1	1	1	0	1	1	1	0	1	1	0	0	1	0	1	0	0	1	0	0	1	1	0	0	0	1	0	0	0	1	0	1	1	0	1	1	1	0	1	0	1	0	1	0	0	1	1	1	1	0	1	0	0	0	1	0	1	1	1	1	1	0	1	1	0	1	0	1	1	1	1	1	0	1	1	0	1	1	1	1	0	0	1	0	1	1	0	1	1	0	0	0	0	1	1	1	1	0	1	1	0	1	0	1	1	0	1	1	1	1	0	1	0	1	1	1	1	1	1	1	1	0	0	0	0	0	1	1	0	1	1	0	1	0	1	0	1	0	1	1	0	1	1	1	0	1	1	0	1	0	0	1	1	1	1	1	0	1	0	1	1	1	0	1	1	1	0	1	1	1	0	1	0	0	1	0	1	1	1	0	0	0	0	0	1	0	0	1	0	1	1	1	1	0	0	1	1	1	1	0	1	1	0	0	0	0	0	1	1	1	0	1	1	1	1	0	1	1	0	1	1	1	1	1	0	1	0	0	1	1	1	1	0	1	0	0	1	0	0	1	1	1	1	1	0	1	1	1	0	0	1	0	1	1	0	1	1	1	1	1	1	1	1	0	1	1	0	0	1	1	0	0	1	1	1	1	0	0	1	0	1	0	1	0	0	0	1	1	0	1	0	1	0	1	1	0	1	0	1	0	1	1	1	1	1	1	1	0	1	0	1	1	1	1	0	1	1	1	1	1	0	1	1	1	1	0	1	1	0	1	0	0	0	1	0	1	1	0	0	0	1	0	0	1	1	0	0	1	1	0	1	1	0	0	1	1	1	1	0	1	1	0	0	1	0	1	1	1	1	1	0	0	1	1	1	0	0	1	1	1	1	1	0	1	0	0	0	1	1	1	0	1	1	0	1	1	0	1	0	1	0	1	0	1	0	1	0	1	1	1	1	0	0	1	1	0	1	1	0	1	1	1	1	1	1	1	1	1	1	0	1	0	0	1	1	0	1	1	1	0	1	0	0	1	1	0	1	1	1	1	1	1	1	1	1	1	1	1	1	1	1	1	1	1	0	1	0	0	0	0	1	0	1	1	1	0	1	0	1	1	1	0	1	1	0	1	0	1	1	1	1	1	0	1	1	1	1	1	1	1	0	1	1	1	1	0	1	0	1	0	0	1	0	1	1	1	1	1	0	1	1	0	1	1	1	0	1	1	1	1	1	0	1	0	1	1	1	1	1	1	0	1	0	1	1	0	1	0	1	0	0	1	1	1	1	0	1	1	0	1	0	0	1	0	0	1	0	1	1	1	1	1	0	1	1	1	0	1	1	0	1	1	1	0	1	1	1	0	0	1	1	1	0	0	1	1	1	1	0	1	0	0	1	1	0	1	0	1	0	1	1	0	0	0	1	1	1	1	1	1	1	1	0	1	0	0	1	0	1	0	1	1	1	0	1	0	1	1	0	1	1	1	1	0	1	1	1	1	1	1	1	0	1	0	1	1	1	1	0	0	0	1	0	0	1	1	1	0	0	0	1	1	1	0	0	1	1	1	0	1	0	0	1	0	1	1	1	1	0	1	0	0	1	1	1	1	1	1	0	0	1	1	0	1	0	1	1	0	0	1	0	0	1	1	1	0	1	1	0	1	1	0	0	1	1	0	0	1	1	1	1	1	0	1	0	0	0	0	1	0	0	0	1	1	0	0	0	0	1	1	1	1	1	1	1	1	0	1	1	0	1	1	1	0	1	1	1	1	1	0	0	1	1	1	1	1	1	0	1	0	1	1	1	1	0	1	1	1	0	1	1	1	1	0	1	1	0	0	1	1	0	0	1	0	0	1	0	1	1	1	1	1	1	0	0	1	1	1	1	1	1	0	0	0	0	0	1	0	0	0	1	0	0	1	0	1	0	0	1	1	1	1	0	1	1	1	1	1	1	0	1	1	1	0	1	1	1	1	1	1	1	1	1	1	0	1	1	1	0	1	1	0	1	1	1	0	1	1	1	1	1	1	1	1	0	0	1	1	1	0	0	1	1	0	1	1	0	0	1	1	1	0	0	1	0	1	0	1	0	1	1	1	1	1	0	1	1	0	0	1	0	1	0	1	1	1	1	1	0	1	1	0	1	1	1	0	1	0	0	1	1	1	1	1	0	1	1	0	0	1	1	1	0	0	1	1	1	1	1	1	0	0	1	1	1	0	1	0	0	1	1	1	1	1	1	1	0	0	1	1	1	0	1	0	1	1	1	1	0	0	1	0	1	0	0	1	1	0	1	0	1	1	1	1	1	1	1	0	1	0	0	1	1	1	1	1	1	0	1	0	0	1	1	0	1	1	1	1	0	1	0	0	0	0	1	1	0	1	1	1	0	1	1	0	1	1	1	0	0	1	1	0	0	1	1	1	1	1	0	1	1	0	1	1	1	1	1	1	0	0	1	1	1	1	1	1	1	0	1	1	0	1	1	1	1	0	1	1	0	0	1	0	0	0	0	1	0	0	1	0	1	1	0	0	0	0	1	1	1	1	1	0	0	1	0	1	0	0	1	0	0	1	1	1	1	0	0	1	0	0	0	1	0	1	0	1	0	0	1	0	1	1	0	1	1	1	0	1	1	0	1	0	0	0	1	1	0	1	0	1	1	1	0	1	1	1	0	0	1	1	1	1	1	0	1	0	1	0	0	1	0	1	0	1	0	1	1	1	1	1	1	0	1	0	0	1	1	0	0	1	1	1	1	0	1	1	0	1	0	0	0	1	1	1	1	1	0	1	0	1	1	1	0	1	0	1	0	1	0	0	0	0	1	1	1	0	1	1	1	1	1	0	1	1	1	1	1	1	1	1	1	1	0	0	1	0	0	1	0	1	0	0	0	1	1	0	1	0	0	1	0	1	1	0	1	1	0	1	1	0	0	1	0	1	0	0	1	1	1	0	1	0	1	1	1	1	1	0	0	1	1	0	1	1	0	0	1	1	1	0	0	0	0	0	1	0	1	1	1	0	1	1	0	1	0	0	1	1	1	1	0	1	1	0	0	1	1	1	1	1	0	1	0	1	0	1	0	1	1	1	1	0	0	0	1	0	1	1	0	0	1	0	1	1	0	0	1	0	0	1	0	0	1	0	0	1	1	0	0	1	0	1	1	1	1	1	1	1	1	1	1	1	1	0	0	1	1	1	0	0	1	0	1	0	1	0	1	1	1	0	1	0	1	1	0	1	0	0	1	1	1	1	0	1	1	1	0	1	0	1	0	0	1	1	1	1	1	0	1	1	0	0	1	1	1	1	1	1	1	1	1	0	1	1	0	1	1	1	1	1	1	0	0	1	1	1	0	1	1	1	1	0	0	1	0	1	0	1	0	0	0	1	1	1	1	1	0	0	1	0	0	1	1	0	1	1	1	1	0	1	0	0	1	0	1	1	1	0	1	0	1	0	1	1	1	1	0	0	0	1	0	0	1	1	0	1	1	0	1	0	0	0	1	0	1	0	0	1	1	1	1	0	0	0	1	1	1	0	0	1	0	1	0	1	1	0	0	0	1	1	0	0	0	1	1	0	1	0	1	0	0	0	1	1	1	1	0	1	0	1	1	0	1	1	0	1	1	1	0	0	1	1	0	1	1	1	1	1	1	0	1	1	0	1	0	1	1	0	1	0	1	0	1	0	1	1	1	0	1	0	0	0	1	1	1	1	1	1	1	1	1	0	0	0	0	0	0	0	0	0	0	0	0	1	1	1	0	0	0	0	1	1	0	1	0	1	1	0	0	1	1	0	0	1	0	1	1	1	0	1	0	0	0	0	1	1	1	0	1	0	0	0	1	0	0	1	1	1	0	0	1	0	1	1	1	1	1	1	0	1	1	0	0	1	1	0	1	1	0	0	1	0	1	1	1	1	1	0	0	1	0	0	1	0	1	0	0	1	0	1	0	0	1	0	1	1	1	1	0	1	1	1	1	0	0	0	1	0	1	0	1	0	1	0	0	0	1	1	1	1	1	1	0	0	1	0	0	0	0	1	1	0	1	1	1	1	1	1	0	1	1	0	1	1	0	1	0	1	1	1	1	0	1	0	1	0	1	1	1	0	0	0	1	1	1	0	1	0	1	1	1	1	0	1	1	1	0	1	1	1	1	1	1	0	0	0	1	0	1	0	0	0	1	1	1	0	1	1	1	1	1	1	1	1	0	1	0	1	0	0	1	