Performance Statistics:------------------------------------------------------------------------
Training Accuracy	Testing Accuracy	Training Coverage	Testing Coverage
0.5295217282620849	NA	0.9952991452991453	NA

Population Characterization:------------------------------------------------------------------------
MacroPopSize	MicroPopSize	Generality
985	1000	0.6230500000000001

SpecificitySum:------------------------------------------------------------------------
A_0	A_1	A_2	A_3	A_4	A_5	A_6	A_7	A_8	A_9	A_10	A_11	A_12	A_13	A_14	A_15	A_16	A_17	A_18	A_19	A_20	A_21	A_22	A_23	A_24	A_25	A_26	A_27	A_28	A_29	A_30	A_31	A_32	A_33	A_34	A_35	A_36	A_37	A_38	A_39	A_40	A_41	A_42	A_43	A_44	A_45	A_46	A_47	A_48	A_49	A_50	A_51	A_52	A_53	A_54	A_55	A_56	A_57	A_58	A_59	A_60	A_61	A_62	A_63	A_64	A_65	A_66	A_67	A_68	A_69	A_70	A_71	A_72	A_73	A_74	A_75	A_76	A_77	A_78	A_79
456	356	490	408	386	337	378	381	436	371	330	334	419	403	368	364	328	349	381	376	398	360	311	383	384	350	325	355	367	390	349	365	396	361	460	302	361	351	363	349	400	369	382	427	366	338	363	364	353	344	422	452	361	441	362	422	371	337	406	344	382	305	358	398	394	351	395	373	382	415	311	410	362	396	341	392	472	356	452	356

AccuracySum:------------------------------------------------------------------------
A_0	A_1	A_2	A_3	A_4	A_5	A_6	A_7	A_8	A_9	A_10	A_11	A_12	A_13	A_14	A_15	A_16	A_17	A_18	A_19	A_20	A_21	A_22	A_23	A_24	A_25	A_26	A_27	A_28	A_29	A_30	A_31	A_32	A_33	A_34	A_35	A_36	A_37	A_38	A_39	A_40	A_41	A_42	A_43	A_44	A_45	A_46	A_47	A_48	A_49	A_50	A_51	A_52	A_53	A_54	A_55	A_56	A_57	A_58	A_59	A_60	A_61	A_62	A_63	A_64	A_65	A_66	A_67	A_68	A_69	A_70	A_71	A_72	A_73	A_74	A_75	A_76	A_77	A_78	A_79
301.756677077752	231.99264935567606	332.5175915898047	257.67509175856486	254.80555727238803	207.42644201535026	256.11255296528066	247.91651662565116	285.6716180713003	241.49853727403703	210.537428304633	215.12352596751703	261.5227100737925	275.08012305270023	237.6618818630332	234.85487576729898	224.3888454087957	224.03634112963053	239.66741831666351	238.82575923181844	263.34576476064416	233.54532314349638	213.2222437527997	240.99441998551578	257.95555534096724	220.71124250303674	219.71482039157715	240.4245036154622	224.90720703644482	250.7561654258421	220.06871596722493	235.91952746005205	253.42128989825406	218.09659765644375	302.219239927206	207.93762683264868	217.92042119510023	232.71133089058736	240.32576216939995	214.21846222382536	256.8974050108694	237.15401321000428	242.7537805922059	291.97637129849386	250.54946264931186	203.07507344846871	242.28003517181452	238.84820946415329	234.86240567509168	218.00439616890299	293.69013987556804	290.28778702746524	236.7639881546424	295.4359647610248	234.58697779205923	281.2238624338423	247.96913798138658	222.2217173480417	256.38302883941185	216.27802638170306	243.53166015116778	207.1327781188552	232.11589102539958	266.86544563037756	261.89117904850565	243.30119889219216	257.2161675054004	255.44304898242902	259.44707213080994	265.33756074494084	206.27687458543238	263.2982072658446	227.46136439015666	248.101783128665	224.5567099218638	247.02004644297645	305.81803218024567	228.91073289769218	300.1198681805131	240.79535190229203

Run Time(in minutes):------------------------------------------------------------------------
Global Time	14.047109723091125
Matching Time	7.273041327794393
Deletion Time	3.4518705447514852
Subsumption Time	0.92939213514328
Selection Time	0.048966415723164874
Evaluation Time	1.536413816610972

CorrectTrackerSave:------------------------------------------------------------------------
0	0	1	0	1	1	0	1	0	1	0	0	0	1	0	1	1	1	0	1	0	1	1	1	1	0	1	1	1	0	1	0	1	1	1	1	1	1	1	1	1	1	0	0	0	0	0	0	0	1	1	0	0	1	1	1	1	0	1	0	1	0	1	1	0	0	1	0	0	0	0	1	1	0	0	0	0	0	1	0	1	1	1	0	1	1	1	1	1	0	0	1	1	1	1	0	1	1	1	0	0	1	1	1	1	0	1	0	0	1	1	1	1	1	1	0	1	0	0	1	1	1	0	1	1	1	0	1	1	0	0	1	1	1	0	1	1	1	0	1	1	0	1	1	0	0	1	1	1	1	1	1	0	1	0	1	1	0	1	0	1	1	1	0	1	0	1	1	0	1	0	1	1	1	0	0	1	0	0	1	1	0	0	1	1	1	1	1	1	1	1	0	0	1	1	1	1	1	0	1	1	0	1	1	1	1	0	1	1	1	0	1	1	1	1	0	1	0	1	0	1	1	0	0	1	1	0	1	1	1	0	0	0	1	0	1	1	1	0	1	1	1	1	1	0	1	1	0	0	1	1	0	1	0	1	1	1	1	0	0	0	1	1	1	1	1	1	0	0	1	0	1	0	1	0	1	1	1	1	1	1	1	1	1	0	1	1	1	0	1	1	1	1	1	1	1	1	0	0	0	1	1	1	1	1	0	1	1	0	0	0	1	0	1	1	1	1	0	1	1	0	1	1	0	0	0	1	1	0	1	0	1	1	1	1	0	1	1	0	0	1	1	1	1	0	0	1	1	1	0	0	1	1	1	1	0	1	0	1	0	1	1	0	1	1	1	1	1	0	1	1	1	1	0	1	1	1	1	1	1	1	1	1	1	0	1	0	1	1	1	1	1	1	1	0	1	1	1	0	1	0	1	1	1	1	1	1	1	1	1	1	1	0	0	0	0	0	1	1	1	1	0	1	0	1	0	1	1	1	1	1	0	1	0	1	0	1	1	1	0	0	1	1	0	0	0	0	0	1	0	1	1	1	1	0	0	1	0	0	0	1	0	1	1	1	0	1	1	1	1	0	0	0	1	0	1	1	1	0	1	1	1	1	0	1	0	1	1	1	1	1	1	1	1	1	1	1	1	1	0	1	0	1	0	0	0	1	1	0	1	0	1	0	0	1	0	1	1	0	1	1	1	0	0	0	1	0	0	0	0	0	0	1	1	1	1	0	1	0	1	1	0	0	1	0	0	0	1	0	1	0	0	1	1	0	0	1	1	0	1	0	1	1	0	1	1	1	1	0	1	1	0	1	1	1	1	1	0	1	1	1	1	1	1	1	0	0	1	1	1	1	0	1	1	1	0	1	0	1	0	0	0	0	0	1	0	1	0	0	0	0	0	0	1	0	1	1	0	1	0	1	1	1	0	1	1	0	0	0	0	0	0	0	0	1	1	1	0	1	1	0	1	0	0	0	0	1	1	1	1	0	1	0	0	0	1	0	1	1	1	1	0	0	1	1	1	0	1	1	1	1	0	1	1	1	1	1	1	1	1	0	1	0	1	1	1	1	0	1	0	1	1	1	1	1	1	1	1	1	0	1	1	0	1	0	1	1	0	1	1	1	0	0	1	1	1	1	1	1	0	1	1	0	1	0	1	1	1	1	1	1	0	1	0	1	1	1	1	0	0	0	1	1	1	0	1	1	0	0	1	0	1	1	0	0	1	1	0	1	1	0	0	0	0	1	1	0	1	1	1	1	1	0	1	1	1	0	1	0	0	0	1	1	1	1	0	0	1	1	1	1	1	1	0	0	0	0	0	1	0	1	1	0	0	1	0	1	0	0	1	0	1	0	0	0	1	0	1	1	1	0	1	1	0	1	1	0	1	1	0	1	1	0	0	1	0	1	0	0	0	1	0	1	1	0	1	1	0	0	0	0	1	1	1	0	1	1	1	1	1	0	1	1	1	0	0	1	1	1	0	1	1	1	1	0	1	1	1	1	1	1	0	1	0	1	0	1	1	1	1	1	0	1	1	1	1	1	1	0	0	0	0	0	1	1	0	1	0	1	0	1	0	0	0	1	0	1	1	0	0	1	0	1	0	0	1	0	1	1	0	0	0	0	0	0	1	1	1	0	1	1	1	0	0	1	0	1	1	1	1	1	1	1	1	0	0	1	1	1	1	1	1	0	1	1	1	1	0	1	1	1	1	1	1	1	0	0	0	0	1	1	0	1	1	0	1	0	1	1	1	1	0	1	1	0	1	1	1	0	1	1	0	0	0	1	0	0	0	0	0	0	1	0	0	0	0	1	1	1	0	1	1	0	0	1	1	1	0	0	1	1	1	0	1	1	1	0	1	1	1	1	1	0	0	0	0	1	0	1	1	1	0	1	1	0	1	1	1	1	0	1	0	0	1	1	1	0	1	0	1	1	1	0	0	1	1	1	1	0	0	0	1	0	1	1	1	1	1	1	0	0	1	1	1	0	1	1	1	0	1	1	1	1	0	1	1	0	0	0	1	0	0	0	1	0	1	1	0	0	1	0	0	1	1	0	1	1	1	1	0	0	0	1	1	0	1	0	0	1	0	0	1	1	1	1	1	0	1	0	1	0	0	1	1	0	1	0	1	1	1	1	0	0	0	1	1	0	1	0	1	0	0	0	0	0	1	0	1	1	0	1	1	1	0	1	0	1	1	1	1	1	1	1	1	1	0	0	1	1	0	0	1	1	0	1	0	1	1	0	1	0	0	1	0	0	1	1	0	0	1	1	0	1	0	1	0	1	1	1	1	0	1	0	1	0	1	1	1	0	1	1	1	1	1	1	1	0	0	0	1	1	0	1	0	1	1	0	0	0	0	1	1	1	0	0	1	1	1	0	1	1	1	0	1	1	1	1	1	1	0	1	1	1	1	0	1	1	1	1	1	1	1	1	0	0	1	1	0	1	1	1	0	1	1	0	1	1	1	1	0	1	0	0	1	0	1	1	0	1	1	1	1	0	0	1	0	0	1	1	1	1	1	0	1	1	1	0	1	1	0	0	1	0	0	1	0	1	1	0	1	1	1	0	0	1	0	1	1	1	0	1	1	1	1	0	1	1	1	1	0	1	1	1	1	1	0	1	1	1	1	1	0	1	0	1	1	1	1	0	1	1	1	1	0	1	1	1	0	0	1	0	1	1	0	1	0	0	0	1	1	0	1	0	1	0	0	1	0	0	1	0	0	1	1	0	1	1	1	1	1	0	0	1	1	0	0	1	0	0	0	1	0	1	0	0	0	1	1	1	1	0	0	1	1	0	0	1	0	1	0	1	0	0	0	0	0	0	0	1	1	1	0	0	0	1	0	0	0	1	1	1	1	1	0	1	1	1	1	0	0	0	1	1	0	1	1	1	1	1	0	1	1	1	1	1	1	0	1	1	1	0	1	1	1	0	0	1	1	1	0	0	1	1	0	1	1	0	0	1	1	1	1	1	1	1	1	1	1	0	0	1	1	1	1	1	1	0	1	1	1	0	1	1	0	1	0	1	1	0	0	0	0	0	0	0	1	0	1	0	1	1	0	0	0	0	1	1	1	1	0	1	0	0	1	1	0	1	1	1	1	0	0	0	1	1	0	1	0	0	1	0	0	1	0	0	0	0	1	1	0	1	0	1	0	1	0	1	0	1	1	1	0	0	0	1	0	1	0	1	1	0	1	0	1	1	1	0	1	1	1	1	1	0	0	0	1	1	0	0	0	1	1	1	1	1	0	0	1	1	1	1	1	1	0	0	0	0	1	1	0	1	1	1	1	1	1	1	1	1	1	1	1	0	1	0	0	0	0	0	1	1	0	0	1	1	1	0	1	1	1	1	1	0	0	1	1	0	0	0	1	0	0	0	1	1	1	1	0	0	1	0	1	1	1	0	1	1	1	1	1	0	1	1	1	1	1	0	1	0	1	0	1	1	1	1	1	1	1	1	0	0	0	1	1	0	1	0	1	1	1	0	1	0	0	0	1	1	1	0	1	1	1	0	0	1	1	1	1	1	0	0	1	0	1	1	1	1	1	1	1	0	0	0	1	1	0	1	1	1	0	0	1	1	0	1	1	1	1	1	1	1	0	0	1	0	1	0	0	1	0	1	0	1	1	1	0	1	0	0	0	1	1	1	1	0	0	0	1	0	0	0	1	0	1	1	1	0	0	1	1	1	1	0	0	1	0	1	0	0	1	0	0	0	1	1	1	1	0	1	1	1	0	1	1	0	1	0	0	1	1	1	1	1	0	0	1	1	0	0	0	1	0	1	0	0	1	1	1	0	1	1	1	1	1	0	1	1	1	1	0	1	0	0	0	1	1	0	1	1	0	0	0	1	1	0	0	1	0	1	0	1	1	0	1	1	1	1	1	1	0	1	1	1	1	1	1	1	0	0	1	1	1	0	0	1	1	1	1	0	1	0	1	0	1	0	1	1	1	1	1	0	1	1	1	0	1	0	0	1	1	1	0	1	1	1	1	0	1	1	0	0	0	0	0	1	0	1	1	1	1	1	1	1	0	1	1	1	1	0	1	1	1	1	1	1	1	1	0	1	1	1	0	0	0	1	0	1	1	0	1	1	0	1	0	0	0	1	0	1	0	1	1	1	1	1	1	1	0	1	0	1	0	0	0	1	0	0	0	0	1	1	0	0	0	1	1	1	1	1	1	0	0	1	0	1	0	1	1	0	1	1	0	0	1	0	0	0	1	1	1	0	0	1	1	1	0	1	1	0	1	1	1	1	1	1	1	0	0	1	1	1	1	0	1	1	1	0	0	1	1	0	0	0	1	1	0	1	1	1	1	1	1	0	1	0	1	1	1	0	0	1	0	1	1	0	1	0	1	0	1	0	0	1	1	1	1	1	0	1	1	1	1	0	1	1	1	1	0	0	0	1	0	0	1	1	1	1	0	1	1	0	0	1	0	0	0	1	0	1	1	1	1	1	0	0	0	1	1	0	0	1	0	0	1	1	0	0	0	0	1	1	1	1	1	0	1	1	1	0	1	0	0	1	0	1	1	1	1	1	0	0	1	1	0	0	1	1	1	0	0	1	1	0	0	1	1	0	0	0	0	0	1	1	0	1	1	0	0	1	0	1	1	0	0	1	0	0	1	0	1	1	0	1	1	0	1	0	1	1	0	0	1	1	1	1	1	0	0	1	0	1	1	1	0	1	1	0	1	1	0	0	0	0	0	1	1	1	0	0	1	1	1	0	1	0	1	0	1	1	1	1	0	1	0	1	1	0	0	1	1	0	1	0	0	1	0	1	1	1	0	0	0	1	0	0	1	1	0	0	1	0	1	1	1	1	0	0	0	1	0	1	0	0	0	1	1	1	0	1	1	0	1	1	1	1	1	1	0	0	0	0	0	1	1	0	1	0	0	1	1	1	1	0	1	0	0	1	1	0	1	1	1	1	1	0	0	0	0	1	0	1	0	1	0	1	0	0	0	1	0	1	0	0	1	0	1	1	0	0	1	0	1	0	0	0	1	1	0	0	0	1	1	1	1	1	1	0	1	1	1	1	1	1	0	1	1	0	0	1	0	1	0	1	1	0	0	0	1	1	0	1	1	1	0	1	0	1	0	0	1	0	1	0	0	1	1	1	1	1	0	0	0	1	0	1	0	0	0	1	0	1	1	0	1	0	1	1	0	1	1	0	0	1	1	1	1	1	1	0	1	1	0	1	1	1	1	0	0	1	1	0	1	0	0	1	1	1	1	1	1	0	1	0	0	0	1	1	1	1	0	0	0	0	1	1	1	0	0	1	1	1	0	0	0	0	1	0	1	1	1	0	1	1	1	1	1	1	0	0	0	1	0	1	0	0	1	0	1	0	1	0	1	1	1	0	0	1	0	0	0	1	1	0	1	1	0	1	1	0	1	1	1	1	1	1	0	1	0	0	1	1	0	0	0	0	1	0	1	1	1	1	0	0	1	0	1	1	1	1	0	0	1	0	1	0	1	1	1	0	0	1	1	0	1	0	1	1	0	1	0	0	0	0	0	0	1	0	0	1	0	0	1	1	0	1	1	0	1	1	0	1	0	1	0	1	0	1	0	0	1	0	1	1	1	0	0	1	1	0	0	1	1	0	1	1	1	0	1	1	0	1	0	1	1	0	0	1	1	1	0	1	1	0	1	1	1	1	1	1	1	0	0	0	1	1	1	1	0	1	0	0	1	0	1	0	1	1	0	1	1	1	0	0	1	1	0	1	0	1	0	1	0	0	1	0	1	1	0	0	1	1	1	1	0	1	1	1	0	1	1	1	1	0	1	0	1	0	1	0	0	1	1	1	1	1	1	1	1	1	0	1	1	1	1	1	0	1	1	0	1	1	1	1	1	1	0	1	1	0	0	1	0	1	1	1	0	1	1	0	1	1	1	0	1	0	1	1	1	1	1	0	1	0	1	0	1	1	0	0	1	1	1	0	0	1	1	1	0	0	1	1	1	1	1	1	0	1	1	0	1	0	0	0	0	1	1	1	0	1	0	0	0	0	1	1	1	0	1	1	1	0	1	1	1	0	0	0	0	1	1	1	0	1	1	0	1	1	1	1	0	1	1	0	1	0	1	1	1	1	0	0	0	1	1	1	1	0	1	1	1	0	0	1	1	0	1	1	1	1	1	0	0	0	1	1	0	1	1	0	1	1	0	0	0	1	1	1	1	1	1	0	1	0	0	0	1	0	1	0	1	1	1	0	1	1	1	0	0	1	1	1	0	1	1	0	0	1	1	1	1	1	0	1	1	1	0	1	1	0	1	0	0	0	0	0	1	1	1	0	0	1	1	0	1	1	1	1	0	1	1	1	1	1	1	1	0	1	1	0	1	1	0	0	0	0	0	1	1	0	0	1	1	1	0	0	0	1	0	1	1	1	1	1	1	1	0	0	1	1	1	1	0	0	1	0	1	0	1	1	1	1	1	1	1	1	1	0	1	0	1	0	1	1	0	0	1	0	1	1	1	1	1	0	1	1	0	0	1	1	0	0	1	0	1	1	0	0	1	0	1	1	1	0	0	1	1	1	0	0	0	0	0	1	1	0	1	0	1	1	0	0	1	1	1	1	0	0	1	0	0	1	1	1	0	0	1	1	1	0	0	1	1	1	1	0	1	0	0	1	1	0	0	1	0	0	0	0	0	0	1	0	1	1	1	0	0	0	1	0	1	1	0	0	1	1	0	1	0	1	1	1	0	1	1	1	1	1	0	1	0	0	1	1	1	0	0	1	1	1	1	1	0	1	0	1	0	1	1	1	0	1	1	0	1	1	0	1	0	0	0	1	1	0	1	0	1	1	1	1	0	0	0	1	0	0	0	0	0	0	1	1	1	1	1	1	1	1	1	1	0	1	0	0	1	0	1	0	1	0	1	1	0	1	1	0	0	1	1	1	1	1	1	1	1	0	1	1	1	1	1	1	1	1	1	1	0	1	1	1	1	0	0	1	1	0	1	0	1	1	1	0	1	1	0	1	0	0	1	0	1	0	0	0	1	1	1	1	1	1	1	1	0	1	1	1	0	0	0	0	0	1	0	0	0	0	1	0	0	1	1	0	1	1	0	0	0	1	0	1	1	1	1	0	1	1	0	1	1	1	0	1	0	1	1	1	1	1	1	0	0	0	1	1	1	0	1	1	1	0	0	0	0	1	1	0	0	1	1	0	0	0	0	1	1	1	0	0	1	0	1	1	1	0	1	1	1	0	1	1	1	1	0	0	1	0	1	1	0	0	0	1	1	1	0	1	0	0	0	1	1	1	0	1	1	1	1	0	1	1	1	1	0	1	0	0	1	0	1	0	1	0	1	0	1	0	1	1	0	1	1	1	1	0	1	1	0	1	1	1	0	0	1	0	1	1	1	1	0	0	1	1	1	0	1	1	1	0	0	0	0	1	1	0	0	1	1	0	0	0	1	0	1	0	1	1	1	1	0	1	1	0	1	0	1	1	1	1	1	0	1	1	0	1	0	1	0	0	0	1	0	0	1	1	1	0	1	1	1	1	0	0	0	1	1	0	0	1	1	1	1	1	0	0	0	0	0	0	1	0	0	0	1	1	0	1	0	0	1	1	1	1	1	1	1	0	0	1	0	0	1	0	1	1	1	1	1	1	1	0	0	1	1	0	0	1	0	0	1	0	1	0	1	1	0	0	0	1	0	0	1	1	1	0	1	1	0	0	1	1	0	1	0	1	0	1	0	1	1	1	1	0	1	1	1	1	0	1	0	0	1	1	1	0	0	1	0	1	1	0	0	0	0	1	0	1	0	0	1	1	1	1	0	1	1	1	1	1	1	0	1	1	0	0	1	0	1	1	1	0	1	1	0	1	1	1	1	1	0	1	0	0	1	1	1	1	1	1	0	1	1	1	1	0	0	0	1	1	1	0	0	1	1	1	0	1	1	0	1	1	1	0	0	1	0	0	0	0	0	1	1	0	0	1	0	1	0	1	0	1	1	0	0	1	1	0	1	1	0	1	1	1	1	1	1	0	1	1	1	1	1	1	0	1	0	1	1	1	0	1	1	1	0	1	0	0	0	1	1	1	1	1	1	1	0	0	1	1	0	1	1	1	0	1	1	1	0	0	1	0	1	1	1	0	0	1	1	1	1	0	0	1	1	1	0	1	1	0	1	1	0	1	1	1	1	1	1	0	1	0	0	1	0	1	0	1	1	0	1	1	0	0	1	1	1	1	1	1	0	0	0	1	0	0	1	1	0	0	1	1	0	1	1	1	0	1	1	0	0	1	1	0	0	1	0	0	0	1	0	1	1	1	0	1	1	1	0	0	1	0	0	1	1	1	1	0	1	0	1	1	1	1	1	1	1	0	1	1	1	1	1	0	0	0	1	1	0	0	1	1	1	1	1	0	1	1	1	0	1	1	1	0	1	1	1	1	1	0	1	0	0	0	1	0	1	0	0	1	0	0	0	1	1	1	1	0	1	0	1	0	0	1	0	1	1	1	0	1	1	0	1	1	0	1	1	0	0	1	1	1	1	1	0	0	1	1	0	1	1	1	1	1	1	0	1	1	1	1	1	0	1	1	0	1	0	0	1	1	1	1	1	0	1	0	0	1	1	0	0	1	1	0	1	0	0	1	1	1	1	1	0	1	1	1	1	1	1	0	0	1	1	0	0	1	0	1	1	1	0	0	0	0	1	0	1	0	1	1	1	1	1	0	1	1	1	1	0	1	0	0	1	1	0	1	1	0	0	0	0	1	0	1	1	0	1	0	0	0	1	1	1	1	0	1	1	1	0	1	1	0	1	1	1	0	0	0	1	1	1	0	1	1	0	1	0	1	1	1	0	1	1	0	1	1	0	0	0	1	1	0	0	1	0	0	1	0	1	0	0	0	0	1	1	1	0	0	1	1	1	1	0	1	1	1	1	0	1	1	1	1	0	1	0	1	0	1	1	1	1	1	1	0	0	0	1	0	0	0	0	1	1	0	0	1	1	0	1	0	1	1	0	0	1	0	1	1	0	0	1	0	0	1	0	1	0	0	1	1	1	1	1	1	1	0	0	1	1	1	1	0	1	1	1	0	1	0	1	1	1	0	1	0	1	1	0	1	0	0	1	0	0	1	0	1	1	1	0	1	0	1	0	0	1	0	1	1	1	0	0	1	0	0	1	1	1	1	1	1	0	1	1	1	1	1	0	1	1	0	1	1	0	0	0	0	1	0	0	1	1	1	1	0	0	1	0	1	0	1	0	0	0	1	1	1	1	1	1	0	1	1	1	1	1	1	1	1	1	1	1	1	1	1	1	0	1	1	1	0	1	0	1	0	1	1	1	1	0	0	1	1	1	0	1	1	0	1	1	0	0	1	1	0	1	0	1	0	0	1	1	1	0	1	0	1	1	1	1	0	0	1	0	1	0	1	1	1	0	1	1	1	0	0	1	1	1	0	1	1	1	0	1	1	0	1	1	1	0	1	0	1	1	0	1	0	0	1	1	1	0	0	1	1	1	1	1	0	1	0	1	0	1	1	0	1	0	1	0	1	1	1	1	0	1	0	1	1	1	0	1	1	1	1	0	1	1	1	1	1	1	0	0	1	0	0	1	0	0	1	1	0	1	0	0	1	0	1	1	0	0	0	1	1	1	1	0	0	1	0	0	1	1	0	1	1	0	1	1	1	0	1	0	1	0	0	1	1	1	0	1	1	1	0	1	0	0	1	0	1	0	0	1	1	1	0	1	1	1	1	1	1	1	0	0	1	1	0	0	1	1	1	1	0	1	1	1	1	1	0	1	1	0	0	1	0	1	0	1	1	1	0	1	0	0	0	1	0	1	1	0	1	1	1	1	1	0	1	1	0	1	1	1	0	1	0	0	0	1	1	0	1	1	0	0	0	1	0	0	1	0	0	1	1	1	1	1	1	1	1	1	0	1	0	1	1	1	1	0	1	1	1	1	1	1	1	1	0	0	1	1	0	0	1	1	1	1	1	1	0	1	0	0	1	0	1	1	1	1	1	1	0	1	1	1	1	0	0	1	0	1	0	0	1	1	1	0	0	1	1	1	1	1	1	0	1	1	1	0	1	0	0	1	