Performance Statistics:------------------------------------------------------------------------
Training Accuracy	Testing Accuracy	Training Coverage	Testing Coverage
0.5128384814242054	NA	0.9961538461538462	NA

Population Characterization:------------------------------------------------------------------------
MacroPopSize	MicroPopSize	Generality
984	1000	0.6237624999999994

SpecificitySum:------------------------------------------------------------------------
A_0	A_1	A_2	A_3	A_4	A_5	A_6	A_7	A_8	A_9	A_10	A_11	A_12	A_13	A_14	A_15	A_16	A_17	A_18	A_19	A_20	A_21	A_22	A_23	A_24	A_25	A_26	A_27	A_28	A_29	A_30	A_31	A_32	A_33	A_34	A_35	A_36	A_37	A_38	A_39	A_40	A_41	A_42	A_43	A_44	A_45	A_46	A_47	A_48	A_49	A_50	A_51	A_52	A_53	A_54	A_55	A_56	A_57	A_58	A_59	A_60	A_61	A_62	A_63	A_64	A_65	A_66	A_67	A_68	A_69	A_70	A_71	A_72	A_73	A_74	A_75	A_76	A_77	A_78	A_79
412	448	471	364	382	457	387	340	403	300	359	364	373	387	304	371	347	405	390	335	340	395	340	352	385	384	415	393	396	297	412	405	384	336	392	324	392	295	363	397	353	409	324	377	332	375	425	317	352	325	391	367	399	335	380	414	415	408	366	419	382	382	418	358	350	371	426	345	378	350	406	435	375	389	377	317	367	387	456	351

AccuracySum:------------------------------------------------------------------------
A_0	A_1	A_2	A_3	A_4	A_5	A_6	A_7	A_8	A_9	A_10	A_11	A_12	A_13	A_14	A_15	A_16	A_17	A_18	A_19	A_20	A_21	A_22	A_23	A_24	A_25	A_26	A_27	A_28	A_29	A_30	A_31	A_32	A_33	A_34	A_35	A_36	A_37	A_38	A_39	A_40	A_41	A_42	A_43	A_44	A_45	A_46	A_47	A_48	A_49	A_50	A_51	A_52	A_53	A_54	A_55	A_56	A_57	A_58	A_59	A_60	A_61	A_62	A_63	A_64	A_65	A_66	A_67	A_68	A_69	A_70	A_71	A_72	A_73	A_74	A_75	A_76	A_77	A_78	A_79
274.0536229151181	312.52544941232827	326.9637893543026	248.9918429599583	265.0955616492394	314.00927391057894	264.669685550931	216.03226323026377	282.0065107878138	196.9593161794185	242.87914718742314	244.28355561517202	249.89826302985082	260.37032289591446	197.5478989055531	257.86209451051343	231.89487367269516	283.8154139837488	265.97943647018246	219.89685637773147	233.83324356532677	273.02385727312077	226.16356396388886	227.54284259846727	273.1891143080635	248.08400829652973	283.03320606803953	261.238897153437	263.7561820138164	198.27737145167546	286.1000180902137	266.9461577061351	272.4876528683429	219.46050842887232	263.52791817904887	224.03878615021443	263.5214964595103	210.7316237135494	247.1275777844753	273.6108285762919	237.59183040126328	271.14989106746185	215.31471150420103	264.47399133894424	233.97209059894826	268.1240513080607	285.34235036245036	209.64607816957908	232.73949983104185	214.183846519613	266.1060385802111	251.58821381571826	277.94026065769435	220.1772021948932	256.31282541626285	267.2917314294687	294.6387924910683	273.9045658130077	248.8794340962362	288.93762573084985	257.8550946430672	263.5073881125311	291.59753547814813	246.06293447551883	234.24751212170597	249.26893687367954	282.44854334752193	253.2856981451351	263.2554268207061	223.56390972055863	264.8983200115435	297.6071831176144	262.6492815933881	257.3120419036234	262.1808435802162	230.34586154888413	235.64319751101914	259.2294149739997	311.1635179258717	236.18517603037787

Run Time(in minutes):------------------------------------------------------------------------
Global Time	4.404245646794637
Matching Time	2.157330322265625
Deletion Time	1.058201289176941
Subsumption Time	0.260825514793396
Selection Time	0.012810285886128743
Evaluation Time	0.6410201668739319

CorrectTrackerSave:------------------------------------------------------------------------
0	0	1	1	1	0	0	0	1	1	0	0	0	1	0	1	1	1	1	1	0	0	1	1	0	1	1	1	0	0	0	0	1	1	0	1	1	0	1	1	1	1	0	0	1	0	1	0	0	1	0	0	0	1	1	1	1	1	1	0	1	1	0	0	0	0	1	0	0	0	0	1	1	0	1	0	1	1	0	0	1	1	1	0	0	1	1	1	1	0	0	1	0	1	1	1	0	0	1	0	1	0	1	1	1	0	1	0	0	1	1	1	0	0	1	0	1	0	1	1	1	1	0	1	1	0	0	1	1	0	1	1	1	1	1	1	1	1	0	0	1	0	1	1	1	1	1	1	1	1	1	1	0	1	0	1	0	0	1	0	0	0	0	1	1	0	1	0	0	1	0	1	0	1	0	1	0	0	0	0	1	0	1	1	1	0	1	1	1	1	0	0	0	1	1	0	1	1	1	1	1	0	0	0	0	0	0	1	0	1	1	1	1	1	1	1	1	0	1	0	1	1	0	1	0	1	1	1	1	1	0	0	1	0	0	1	0	1	1	1	1	1	1	1	0	1	1	0	0	0	1	1	1	1	1	1	1	1	1	1	1	0	1	1	1	1	0	0	0	1	0	0	0	0	0	1	1	1	1	1	1	0	0	1	1	1	1	0	0	1	0	1	1	1	0	1	0	0	0	0	1	0	1	1	1	0	1	1	0	1	1	1	0	1	1	1	1	1	1	1	1	1	1	0	0	0	1	1	1	1	0	1	1	1	1	1	1	1	0	1	1	1	1	1	0	0	1	1	1	0	0	1	1	1	1	1	0	1	1	0	0	1	0	1	0	1	1	1	0	0	1	1	1	1	1	1	1	1	1	0	0	1	0	0	0	1	0	1	1	0	1	1	1	1	0	1	1	1	0	1	0	1	1	1	1	1	1	1	0	0	1	1	0	0	0	1	0	1	0	0	0	0	0	1	1	1	0	1	0	1	1	0	0	1	1	1	1	0	1	0	0	1	1	0	1	0	0	0	1	0	1	1	1	1	0	0	0	0	0	0	1	0	1	1	1	0	1	1	0	1	0	0	0	0	1	1	1	0	0	1	0	1	1	0	1	1	1	1	1	1	1	1	1	1	1	0	0	0	0	0	1	0	1	1	0	1	1	1	0	0	0	1	0	1	1	0	1	1	0	1	0	1	1	0	1	1	0	1	0	1	0	1	1	1	1	0	0	1	0	1	0	1	1	1	0	0	1	1	0	1	0	0	1	1	1	1	1	1	0	1	0	0	0	0	1	1	1	1	0	1	1	0	1	1	1	1	1	0	1	1	1	1	1	1	1	0	0	1	0	0	1	0	1	0	1	0	1	0	1	1	0	0	1	0	1	0	1	1	0	0	0	1	0	1	0	1	1	0	1	0	0	1	0	0	1	1	0	1	0	0	0	1	1	0	0	1	1	1	1	1	0	1	1	0	0	0	1	1	1	1	0	1	0	1	0	1	0	1	1	1	0	0	0	0	0	1	1	1	0	1	1	0	1	1	1	1	1	0	1	1	0	1	1	1	0	1	1	0	1	1	1	1	1	1	1	0	1	1	0	0	1	0	1	0	0	1	1	0	0	0	1	0	0	1	1	1	1	1	1	0	1	0	0	1	0	1	1	1	1	1	1	1	0	0	1	1	0	1	1	0	0	0	1	1	0	1	1	0	0	1	1	1	1	1	0	1	1	0	1	1	0	0	1	0	0	1	0	0	0	1	1	1	0	0	1	1	1	1	0	0	1	0	0	1	0	0	0	1	1	1	0	1	1	0	0	0	1	0	1	0	1	0	0	1	1	0	0	1	1	1	0	1	0	1	0	0	1	1	1	1	0	0	0	1	1	1	0	1	0	1	0	1	0	1	1	0	0	0	1	1	1	0	0	0	0	0	1	0	1	0	0	1	1	1	1	1	0	1	1	1	1	1	1	1	1	0	0	1	1	0	1	0	1	0	1	1	1	0	1	0	0	1	1	1	0	0	1	0	1	1	1	0	1	1	0	1	0	1	0	0	1	1	1	1	1	0	0	0	1	0	0	0	1	0	0	0	1	0	0	0	1	0	0	0	0	0	0	0	1	1	0	0	0	0	0	1	1	1	1	1	1	1	0	0	1	1	1	1	1	1	1	1	1	1	0	1	0	1	1	1	1	1	0	0	1	1	1	0	1	0	1	1	1	1	0	0	0	1	0	1	0	0	0	1	0	1	0	1	0	1	1	1	0	1	0	1	1	1	0	0	1	0	0	0	1	0	1	0	0	0	0	1	0	0	0	0	1	0	1	1	0	1	0	1	1	0	1	1	1	1	0	0	1	0	1	1	0	1	1	1	1	1	1	0	1	0	1	1	1	1	1	0	1	1	0	1	0	1	1	0	1	0	0	0	0	0	1	1	0	1	1	1	0	0	0	1	1	0	1	0	1	0	1	0	0	0	1	1	1	0	1	1	1	0	1	1	1	0	0	1	0	1	1	0	0	0	0	0	0	1	0	1	0	0	1	1	1	1	0	0	1	0	1	1	0	1	1	1	1	1	1	1	0	1	0	1	0	0	1	0	1	1	1	1	1	1	1	1	0	1	0	0	1	1	0	1	0	1	0	1	1	0	1	0	1	1	1	0	1	1	0	1	0	0	0	1	0	1	0	1	0	1	1	0	0	0	1	1	1	0	1	1	1	1	0	1	1	0	0	0	0	1	1	1	1	0	1	1	0	1	0	1	1	0	0	0	1	0	1	0	1	1	1	1	1	0	0	1	1	1	0	0	0	0	1	1	1	1	0	1	0	0	1	1	1	1	1	1	0	0	0	0	0	0	1	0	1	0	0	0	1	1	1	0	0	1	0	1	0	0	1	0	0	1	1	1	1	1	1	0	1	1	1	0	0	1	1	1	1	0	1	0	0	0	0	1	1	0	1	1	1	0	1	1	1	1	0	0	0	1	1	0	0	1	1	1	0	1	1	0	0	1	0	0	0	0	1	1	1	0	1	1	1	1	1	1	0	0	0	0	0	0	0	0	1	0	1	1	0	1	1	1	0	1	1	0	1	1	1	0	1	1	1	1	0	1	0	1	1	0	0	1	1	1	1	0	1	1	0	1	1	0	1	1	1	1	0	1	0	1	1	1	1	0	1	1	1	0	0	0	0	1	1	0	1	0	1	0	0	1	0	0	0	1	0	0	0	0	0	1	1	0	1	0	0	0	1	1	1	1	0	0	1	0	0	0	1	1	0	1	1	1	1	0	1	0	0	1	0	1	0	1	1	1	0	0	1	1	0	1	1	0	1	0	1	1	0	0	1	1	1	0	0	0	1	0	1	0	1	1	0	1	1	0	1	1	1	1	0	0	0	0	1	1	0	1	1	1	0	0	1	1	1	1	0	0	1	1	1	0	0	1	1	1	1	0	1	1	1	1	1	0	1	0	0	1	1	0	1	1	1	0	1	1	1	1	1	0	1	0	0	1	1	1	1	0	0	1	1	1	0	1	1	0	0	0	1	1	0	0	0	0	0	1	0	1	1	1	0	1	0	0	1	0	0	1	1	1	0	0	0	0	0	1	0	0	0	0	1	1	1	1	0	1	1	0	1	0	0	1	1	0	1	1	0	0	0	1	1	0	0	1	0	0	1	1	1	0	1	1	0	0	0	0	1	0	0	1	1	1	1	1	0	1	0	1	0	1	1	1	1	1	0	0	0	1	1	0	0	0	1	1	0	1	1	0	1	0	1	0	0	0	1	1	1	1	0	1	1	0	1	1	1	1	1	1	1	1	0	1	1	1	1	1	1	0	1	0	0	0	0	0	0	0	1	0	0	0	1	1	1	1	1	0	0	1	0	0	0	1	0	0	0	0	1	1	1	0	0	1	0	0	1	0	0	0	1	1	0	1	0	0	1	0	1	1	0	1	1	1	0	1	1	0	1	1	0	0	0	0	1	0	0	1	0	1	0	1	1	0	1	1	0	0	0	0	0	1	0	1	1	1	0	0	1	1	0	1	0	0	0	0	1	1	0	1	0	1	1	1	0	0	1	1	1	0	1	1	1	0	0	0	1	0	1	1	1	1	1	1	0	1	0	1	1	1	1	1	0	0	0	1	1	1	1	0	1	0	1	1	1	1	1	1	0	1	0	0	1	0	1	0	0	1	1	1	1	1	1	1	1	1	0	1	0	0	1	0	0	1	0	0	1	0	0	1	1	0	1	1	0	0	1	0	0	1	1	0	0	1	1	1	0	0	0	1	1	0	0	1	1	0	0	1	0	1	1	1	0	1	1	0	1	1	0	1	1	0	0	0	1	1	0	0	1	1	0	1	1	0	0	1	1	1	1	0	0	0	1	0	1	1	0	1	0	1	1	1	1	1	1	1	1	0	0	0	1	0	0	1	0	1	1	0	1	0	1	1	1	1	0	0	0	1	0	1	0	1	0	1	0	1	0	1	1	1	0	0	1	1	1	0	0	1	1	1	0	1	1	0	0	0	1	1	1	1	1	1	1	1	1	1	1	0	1	0	0	1	0	1	0	0	1	0	1	1	1	1	1	1	1	1	0	0	0	0	1	1	0	1	1	0	0	1	0	0	1	0	0	0	1	1	1	1	1	1	0	0	0	0	1	1	1	1	0	1	1	0	0	1	1	0	1	1	0	1	0	1	1	1	0	1	1	1	1	0	1	1	0	1	1	0	1	0	0	1	0	1	0	1	0	0	0	1	1	0	1	0	1	1	1	1	1	1	1	1	0	0	1	1	1	1	1	1	1	1	0	0	0	1	0	1	0	0	1	0	0	1	1	0	1	1	0	1	0	1	1	1	0	1	1	1	1	1	1	1	0	1	0	1	0	1	1	1	1	0	1	0	1	1	1	0	0	1	1	1	1	1	1	0	1	1	1	1	0	1	1	0	1	1	1	0	1	0	0	0	0	0	1	0	0	1	0	1	0	1	0	0	0	0	1	1	0	1	1	1	0	1	1	1	1	0	1	1	0	0	1	1	0	1	1	1	1	0	1	0	1	1	1	0	1	1	1	0	0	0	0	1	0	1	1	1	0	1	0	1	1	1	0	1	1	1	1	0	1	1	0	0	1	0	1	1	0	0	1	1	1	1	1	0	0	1	1	1	0	1	0	1	0	0	0	1	1	1	1	1	0	0	1	0	1	1	1	0	1	1	1	1	1	0	0	1	0	0	1	0	1	1	0	1	1	1	0	0	1	1	0	0	1	1	0	0	1	0	1	1	1	0	1	1	1	1	0	0	1	0	1	1	1	1	0	0	1	0	1	1	1	0	0	0	0	1	1	1	0	1	0	1	1	0	1	0	0	0	1	0	1	0	0	1	1	1	1	1	1	1	0	0	0	0	1	0	1	1	1	0	0	0	0	1	1	1	0	1	1	0	1	1	1	1	0	0	0	1	1	0	0	0	1	1	1	1	1	1	1	0	0	0	1	0	0	0	1	1	0	1	1	0	0	1	0	1	0	1	0	1	0	1	0	0	0	0	1	1	1	1	1	1	1	1	1	0	1	0	1	1	1	0	1	0	1	0	1	0	0	1	0	1	1	0	1	0	0	0	1	0	1	0	0	1	0	1	1	1	0	1	0	0	0	0	0	0	1	1	1	0	0	1	0	0	1	1	1	1	0	1	1	1	1	1	0	1	0	0	1	1	1	1	0	1	1	1	1	1	1	1	0	0	0	1	1	1	1	0	1	0	1	1	0	0	0	1	1	0	0	1	1	0	1	0	0	0	1	1	1	1	0	0	1	1	0	1	0	0	0	1	0	0	1	1	0	1	1	0	1	1	1	0	0	0	1	0	1	0	1	1	1	1	1	1	0	1	1	1	0	0	1	1	0	0	0	0	0	1	1	0	1	0	0	1	1	1	1	0	0	0	1	0	0	1	1	0	1	0	0	1	0	1	1	0	1	1	0	1	1	0	0	1	1	1	0	1	0	1	1	0	0	1	0	0	1	0	0	0	1	1	1	0	1	1	0	0	1	0	0	1	1	0	1	1	0	1	1	0	0	0	0	0	1	1	1	0	1	0	1	1	0	0	0	1	0	1	1	0	0	1	0	1	1	1	1	1	1	1	1	1	0	1	0	0	1	0	1	1	1	0	1	1	1	0	1	0	0	1	1	0	1	1	1	1	0	0	0	1	0	1	1	0	1	0	0	1	1	0	1	1	1	1	1	1	1	1	1	1	1	1	1	0	1	0	1	1	0	1	1	1	1	0	0	1	1	1	1	1	1	1	1	0	1	0	1	1	0	0	0	1	0	1	0	1	1	1	1	1	1	1	1	0	1	1	0	0	0	1	0	0	1	1	0	1	1	1	1	1	1	0	0	0	1	0	1	1	1	1	1	0	1	1	0	1	1	1	0	1	0	1	0	1	0	0	0	1	0	1	0	1	1	0	0	0	1	0	0	0	1	0	1	0	0	0	1	1	0	1	1	1	0	0	0	0	0	1	0	0	1	0	1	1	1	1	0	0	0	0	0	1	1	1	1	0	0	1	1	0	0	1	0	0	0	0	0	0	0	1	0	1	1	1	0	0	0	1	0	1	1	1	1	1	0	0	0	1	0	1	1	0	0	0	1	0	0	0	1	0	0	1	1	0	1	0	0	0	0	0	0	0	1	1	0	1	1	0	0	0	1	1	1	0	1	1	0	1	0	1	0	1	1	1	0	0	0	1	1	1	1	1	1	0	1	0	1	1	1	1	1	0	1	1	1	0	1	0	1	1	1	0	1	1	1	0	0	0	1	1	0	1	0	1	0	1	0	0	0	1	1	1	1	0	0	1	0	1	1	1	1	0	0	1	0	1	1	0	0	0	0	0	0	1	1	1	1	1	0	1	0	0	0	0	1	1	1	0	0	0	1	0	0	1	1	1	1	0	1	1	0	1	0	0	1	1	1	1	1	0	0	1	1	0	0	1	0	1	1	0	1	1	1	0	1	1	1	1	0	1	1	0	0	0	1	0	0	1	0	1	1	0	0	1	1	1	0	1	1	0	0	1	1	0	1	1	0	0	1	0	0	1	0	1	0	1	1	1	1	1	1	0	0	1	0	1	1	1	1	0	1	1	1	1	1	0	1	1	1	0	0	1	1	0	1	1	1	1	1	0	1	0	0	0	1	0	1	0	1	0	0	0	0	1	0	1	1	0	0	1	0	1	1	0	1	1	1	0	1	0	1	1	1	0	1	0	0	1	1	0	0	0	1	1	0	1	1	0	0	0	0	1	1	0	1	0	1	1	1	1	1	0	1	1	0	0	1	0	1	0	1	0	1	1	1	0	0	1	1	1	1	0	1	0	1	0	1	1	1	1	1	1	1	1	0	0	0	0	0	1	1	0	1	1	0	1	1	0	1	0	0	0	1	1	1	1	1	1	1	0	1	1	1	0	0	1	1	1	1	1	1	0	1	0	1	1	0	0	1	0	0	1	0	0	1	1	0	1	1	0	1	0	0	1	0	1	0	0	1	1	1	1	1	1	1	0	0	1	1	1	1	1	0	0	1	0	1	0	0	0	1	0	1	0	1	1	1	1	1	1	0	1	1	1	1	1	0	1	1	0	1	1	1	1	1	0	1	0	1	1	0	1	0	1	0	1	1	1	1	0	0	1	1	1	1	0	0	1	1	0	0	0	0	1	0	1	1	0	1	1	1	0	0	1	0	1	1	1	1	1	1	1	1	0	1	1	1	0	0	1	0	1	1	0	1	1	0	1	1	1	1	0	0	0	1	0	1	1	0	1	1	1	1	1	0	1	0	0	1	0	1	0	1	1	1	1	0	1	0	0	0	1	1	1	1	1	1	1	0	0	0	1	1	1	1	0	1	1	0	1	1	0	1	0	1	1	0	0	1	0	0	1	0	0	0	1	1	1	0	0	0	1	1	0	1	1	0	1	0	1	1	0	1	0	1	0	1	0	0	1	1	1	1	0	0	1	1	0	1	1	0	1	1	1	1	1	0	1	1	1	0	1	1	0	1	0	0	0	0	1	0	0	0	1	1	1	1	0	1	1	0	1	0	1	0	0	0	1	1	0	0	1	0	1	1	1	0	1	1	1	1	0	1	0	0	1	1	1	0	1	1	1	1	1	0	0	1	1	0	1	1	0	0	1	0	1	0	0	1	0	1	1	1	0	0	1	1	1	1	1	1	0	0	1	0	0	1	0	0	1	1	0	1	0	1	1	1	1	1	0	1	1	1	1	1	1	0	1	0	1	1	1	0	0	0	0	0	0	1	0	1	0	0	0	1	1	1	0	1	1	1	0	0	1	0	1	1	0	0	1	0	1	1	1	0	1	1	0	1	0	1	1	1	1	0	1	0	1	1	1	0	1	1	1	1	1	1	1	1	0	0	1	0	1	0	0	1	1	0	1	1	0	0	1	1	1	0	0	1	0	1	0	1	0	1	1	0	1	0	0	0	1	1	0	1	0	1	0	1	1	1	1	1	0	1	1	0	1	1	0	0	1	1	1	1	1	1	0	1	0	0	0	0	0	1	1	1	0	0	0	1	0	1	1	1	1	1	1	0	0	0	1	1	0	1	1	0	1	0	1	0	0	0	1	0	1	1	1	1	0	1	1	0	1	0	1	0	1	0	1	1	1	0	1	0	1	1	1	1	1	1	1	0	1	0	0	0	0	1	0	1	1	0	1	1	0	0	1	0	1	1	1	1	0	1	0	0	0	0	1	1	1	0	1	1	0	1	0	0	1	1	1	0	0	1	1	0	0	1	1	1	0	1	1	1	1	0	0	1	1	1	0	1	1	0	0	1	0	0	1	1	1	0	1	1	0	0	0	1	0	0	1	1	1	0	0	1	0	1	0	1	0	0	1	1	0	1	0	0	0	1	0	0	1	0	1	0	0	1	0	1	0	0	1	0	0	1	1	0	1	0	0	1	0	0	0	1	0	1	0	0	1	0	1	0	1	1	0	1	1	1	1	0	1	0	1	0	0	1	1	1	0	1	1	1	1	1	0	1	1	1	0	0	1	1	1	0	0	0	1	0	1	0	1	0	0	1	1	1	0	0	1	1	1	1	1	0	1	0	1	0	1	0	0	1	1	0	1	0	1	0	0	1	1	1	0	1	1	1	1	0	0	0	1	1	0	1	0	1	0	1	0	1	1	0	1	0	1	0	1	1	1	1	1	1	1	0	1	1	1	0	0	1	0	0	1	1	0	0	1	1	0	1	0	1	1	1	0	1	1	0	0	0	1	1	1	1	0	0	1	1	0	0	1	0	0	1	0	0	0	1	1	1	1	0	0	0	1	1	0	1	1	1	0	1	1	1	0	0	0	0	0	1	1	0	0	1	0	0	1	0	1	1	1	0	0	1	0	1	0	1	1	1	1	1	1	1	1	1	0	0	1	0	1	1	0	0	1	0	0	1	0	1	1	1	1	0	0	0	1	0	0	0	0	0	1	1	1	0	0	0	1	0	1	0	0	0	1	1	1	1	1	0	0	1	1	1	1	1	1	1	1	1	1	0	1	1	1	0	0	0	1	1	1	0	0	0	1	0	1	1	1	0	1	0	0	0	1	1	0	1	0	0	1	0	0	1	0	1	1	1	0	1	1	1	1	1	1	1	1	1	1	0	0	0	0	0	1	1	1	1	1	1	0	1	1	0	1	0	1	1	1	0	1	1	0	0	0	0	1	0	0	1	0	1	0	0	0	0	1	0	0	1	0	0	0	1	1	1	1	1	0	1	1	0	0	0	1	0	1	1	1	1	0	1	0	0	1	1	1	1	0	0	0	0	1	0	1	1	0	1	0	1	1	1	0	0	1	1	0	1	1	0	1	1	1	0	1	1	1	0	0	1	1	1	1	0	0	0	0	1	1	0	0	1	0	1	1	1	1	0	0	0	1	1	0	1	1	1	1	0	1	0	1	0	0	0	0	1	1	1	0	1	0	0	1	0	1	0	0	1	1	0	0	0	1	1	0	0	1	0	1	0	1	0	1	1	0	1	1	0	1	0	1	0	1	0	1	0	1	1	1	1	0	0	1	1	0	1	1	0	0	1	1	0	0	0	0	0	0	0	1	0	1	0	1	0	0	1	0	1	0	0	0	0	1	1	0	1	0	0	1	0	0	1	1	0	0	1	0	1	1	1	0	1	1	0	1	0	0	1	1	0	1	0	1	1	1	1	0	0	1	0	0	1	1	1	1	1	0	1	0	1	0	1	1	1	0	1	1	0	1	1	0	0	1	0	1	0	1	0	1	0	1	1	0	1	1	0	1	0	1	1	1	1	1	0	1	0	1	1	1	1	0	1	1	1	1	0	0	1	0	0	0	0	0	0	1	0	0	1	0	1	1	1	1	1	1	1	1	1	1	1	1	0	1	0	0	1	1	1	1	1	0	0	0	0	1	1	0	1	1	1	1	1	1	0	0	1	0	0	1	0	0	0	1	0	0	1	1	1	1	1	0	1	0	0	0	1	1	1	0	1	1	0	1	1	1	0	1	1	1	0	0	0	0	1	1	1	1	0	0	0	1	1	1	1	1	1	0	1	1	1	0	0	1	