Performance Statistics:------------------------------------------------------------------------
Training Accuracy	Testing Accuracy	Training Coverage	Testing Coverage
0.5578945266666943	NA	1.0	NA

Population Characterization:------------------------------------------------------------------------
MacroPopSize	MicroPopSize	Generality
4948	5000	0.6143349999999997

SpecificitySum:------------------------------------------------------------------------
A_0	A_1	A_2	A_3	A_4	A_5	A_6	A_7	A_8	A_9	A_10	A_11	A_12	A_13	A_14	A_15	A_16	A_17	A_18	A_19	A_20	A_21	A_22	A_23	A_24	A_25	A_26	A_27	A_28	A_29	A_30	A_31	A_32	A_33	A_34	A_35	A_36	A_37	A_38	A_39	A_40	A_41	A_42	A_43	A_44	A_45	A_46	A_47	A_48	A_49	A_50	A_51	A_52	A_53	A_54	A_55	A_56	A_57	A_58	A_59	A_60	A_61	A_62	A_63	A_64	A_65	A_66	A_67	A_68	A_69	A_70	A_71	A_72	A_73	A_74	A_75	A_76	A_77	A_78	A_79
2458	1812	2280	1815	2134	1666	1893	1767	1873	1915	1673	1887	1891	2016	2056	2112	2004	2029	1855	2139	2174	1876	1843	1749	2003	1549	2017	1727	1784	1818	1897	1856	1744	2027	2167	1726	1875	2244	1973	1998	2012	1765	1885	1643	1934	1842	1821	1767	1906	1817	1905	2024	2023	2206	2025	1968	1948	1890	1808	1604	2149	1913	1926	1712	1756	1775	2066	2026	1896	1851	2246	2003	1808	1925	2027	1972	2240	1631	2258	1971

AccuracySum:------------------------------------------------------------------------
A_0	A_1	A_2	A_3	A_4	A_5	A_6	A_7	A_8	A_9	A_10	A_11	A_12	A_13	A_14	A_15	A_16	A_17	A_18	A_19	A_20	A_21	A_22	A_23	A_24	A_25	A_26	A_27	A_28	A_29	A_30	A_31	A_32	A_33	A_34	A_35	A_36	A_37	A_38	A_39	A_40	A_41	A_42	A_43	A_44	A_45	A_46	A_47	A_48	A_49	A_50	A_51	A_52	A_53	A_54	A_55	A_56	A_57	A_58	A_59	A_60	A_61	A_62	A_63	A_64	A_65	A_66	A_67	A_68	A_69	A_70	A_71	A_72	A_73	A_74	A_75	A_76	A_77	A_78	A_79
1733.283761675553	1273.0041215281728	1563.664916645233	1259.554345520492	1505.1735995598176	1124.6495402039343	1315.5066646410764	1222.3043292138143	1288.8891336306756	1315.122176271259	1155.7418002152708	1319.740301404627	1310.7161584011199	1375.2970241818634	1456.1427646803568	1469.952034584943	1413.0333761103873	1416.0476532027014	1244.348412273169	1497.5013546977139	1490.7891260848523	1295.3353128926356	1264.250092460682	1184.7429950590158	1368.195487302472	1080.8114742079229	1402.1273153265483	1172.409628676819	1210.7698286332663	1245.5727380610838	1311.7199294682564	1293.948153636295	1203.2659387096614	1416.2362296052122	1511.4742801576615	1186.330906545089	1308.181756199918	1521.5590746810062	1364.2572120360999	1356.692049921738	1374.2501818375956	1240.5235211297472	1280.8446823016789	1118.2225087158927	1308.8208584880592	1295.6087518767436	1272.3824820643158	1194.3640105972354	1335.3571280268743	1263.3523817176956	1327.2678161923393	1366.7893412530589	1395.769119821202	1534.7799078183355	1422.7213251919175	1344.7283744829933	1366.2074379673097	1324.7273435537122	1215.7413481668139	1089.5268667815653	1485.6234123135198	1303.8340051111832	1338.7167740718178	1182.1661987355756	1220.8825526878938	1217.019741366584	1457.177640082557	1386.1177678101976	1326.5853236856394	1272.988602094255	1562.3824476060051	1376.963751615683	1230.0085850949813	1370.1047068354965	1387.714481516862	1387.8456665967121	1543.0586491706406	1100.8823995501095	1586.3327101543562	1335.99775927208

Run Time(in minutes):------------------------------------------------------------------------
Global Time	6.767571771144867
Matching Time	2.564700257778168
Deletion Time	1.0394413987795512
Subsumption Time	0.333612855275472
Selection Time	0.007659995555877685
Evaluation Time	2.6803529977798464

CorrectTrackerSave:------------------------------------------------------------------------
0	0	1	0	1	1	1	0	0	1	0	1	0	0	0	1	1	1	1	0	1	0	1	1	1	1	1	0	1	0	0	0	1	1	1	1	1	1	1	1	1	1	0	0	1	0	1	1	0	1	1	1	0	1	1	1	1	0	0	0	1	1	0	1	0	0	1	1	1	0	0	1	1	0	0	0	1	0	0	1	1	1	1	0	0	1	1	0	1	0	0	0	1	1	1	1	1	1	0	0	1	0	1	1	1	0	1	0	0	1	1	1	1	1	1	1	1	0	0	1	1	0	0	1	1	1	0	1	1	0	1	0	1	1	1	1	1	0	0	1	1	0	1	1	0	1	1	1	1	1	1	1	0	1	1	1	0	0	1	0	0	1	1	1	1	0	1	0	0	1	0	1	1	1	1	1	1	0	0	1	1	1	1	1	1	1	1	1	1	1	1	0	1	1	1	1	1	1	1	1	1	0	0	1	0	1	0	1	0	1	0	1	1	0	1	1	0	0	1	0	1	1	1	1	0	1	1	1	1	1	0	0	1	1	0	1	1	1	1	1	1	1	1	1	0	0	1	0	1	0	0	1	1	0	1	1	1	1	0	0	1	1	1	1	1	1	0	0	0	1	0	0	1	1	1	1	1	1	1	1	1	0	1	1	1	1	1	1	1	1	0	1	1	1	1	1	0	1	0	0	1	1	1	1	1	0	1	0	0	1	1	1	0	1	1	1	1	0	1	1	0	1	1	1	0	0	1	1	0	1	0	1	1	1	1	0	0	1	0	0	1	1	1	1	1	0	1	1	1	1	1	1	1	0	1	1	0	0	1	1	1	1	0	1	0	1	1	1	1	0	1	1	1	0	0	1	1	1	1	0	1	1	0	1	1	1	1	1	1	1	1	1	0	0	1	0	1	1	0	0	1	1	1	1	1	1	1	1	1	1	1	1	0	0	1	0	1	1	0	0	1	0	1	1	1	0	1	1	1	1	1	1	1	0	1	1	1	1	1	0	0	1	1	0	1	0	1	1	0	1	1	1	1	0	0	0	0	0	0	0	1	0	1	1	1	0	1	1	1	0	0	0	0	1	0	1	1	1	0	0	1	1	1	0	1	1	1	1	1	1	1	1	1	1	1	0	1	0	0	1	1	0	1	0	0	1	1	0	0	0	0	1	0	0	1	1	1	1	1	1	1	1	1	0	0	1	0	0	0	0	0	1	1	1	0	1	1	1	0	1	1	1	1	1	0	1	1	1	1	1	1	0	1	1	1	0	1	1	0	1	0	0	1	0	1	1	1	1	0	1	1	1	1	1	1	1	1	1	1	1	1	1	1	1	1	0	1	1	0	1	1	0	1	1	0	1	0	0	1	1	0	0	1	0	1	0	1	1	0	0	0	1	1	1	0	1	1	0	0	0	1	1	1	0	1	1	0	1	1	0	0	1	1	0	1	0	1	0	1	1	0	1	0	0	0	1	1	0	0	1	0	1	1	0	0	1	0	1	0	1	1	0	0	1	0	1	1	1	1	1	1	0	1	1	1	1	1	0	1	1	0	1	0	1	0	1	1	0	1	0	1	1	1	1	1	0	1	1	0	0	1	1	1	0	1	0	1	0	0	1	0	0	0	1	1	1	0	1	1	0	1	1	0	1	0	1	1	1	1	1	0	0	1	0	1	1	0	1	0	0	0	0	1	1	0	1	1	0	0	0	1	1	1	1	0	1	0	0	1	1	1	0	0	0	1	1	0	0	0	1	0	0	0	0	1	1	1	1	0	0	1	1	0	1	1	0	0	1	1	1	1	0	1	1	1	0	0	1	1	1	1	1	0	0	1	0	1	1	1	1	1	1	0	1	0	1	1	1	1	1	0	0	1	1	1	1	0	1	1	0	0	1	1	1	1	0	0	0	1	1	1	0	1	1	1	1	1	0	1	0	0	1	0	0	1	1	1	1	1	0	1	1	1	0	1	0	0	1	1	1	1	1	0	0	1	1	1	1	1	1	0	1	1	1	0	0	1	1	1	1	0	1	1	1	1	1	1	1	0	0	0	1	1	0	1	0	1	0	1	0	1	0	1	1	1	0	1	0	1	1	1	0	0	1	1	0	0	0	1	0	0	1	0	0	0	1	1	1	0	1	1	1	1	0	1	0	1	1	1	1	0	1	1	1	0	1	0	1	0	1	1	0	0	0	1	1	1	1	0	1	1	1	1	1	0	0	0	0	0	1	1	0	1	1	0	1	0	1	1	1	1	1	0	0	1	1	1	1	0	1	1	0	0	1	0	0	1	0	0	0	0	0	0	0	0	1	1	1	1	1	0	1	0	1	1	1	1	1	1	1	1	1	1	1	1	1	1	1	1	1	1	0	1	0	1	1	1	0	1	1	1	0	1	0	0	0	1	1	1	0	0	0	0	0	1	0	0	1	0	1	1	1	0	0	1	1	1	1	0	0	1	1	1	1	0	0	1	1	1	0	1	1	1	1	0	0	0	1	0	1	0	0	1	0	1	1	0	0	0	1	0	1	0	0	1	1	1	1	1	1	1	0	1	0	0	1	1	1	1	1	1	0	1	0	1	1	0	0	1	0	0	1	0	1	1	1	1	1	1	1	1	0	1	1	0	1	0	0	1	1	1	1	1	0	0	0	0	1	0	1	1	1	1	0	0	1	0	0	1	0	1	0	1	0	0	1	1	1	1	0	1	0	0	1	0	1	0	1	0	0	0	1	1	1	1	1	1	1	0	1	0	0	1	0	0	1	1	0	1	1	1	0	1	1	1	0	0	0	1	0	0	0	1	1	1	1	1	0	1	1	0	0	1	1	1	1	0	1	1	0	1	1	1	0	1	1	1	0	0	1	1	1	0	0	0	0	1	1	0	0	1	1	1	1	1	1	1	1	1	0	1	1	1	1	0	1	1	1	1	0	1	1	1	0	0	1	1	0	1	1	1	0	1	0	1	1	0	0	0	0	1	0	1	1	1	1	1	0	0	1	0	0	0	0	0	0	0	1	1	0	1	1	1	1	1	1	0	1	1	0	0	1	0	0	1	0	1	1	1	1	1	1	0	1	1	1	1	1	1	1	1	0	1	1	1	1	0	0	0	1	0	1	1	1	1	1	1	1	1	1	1	0	1	1	1	1	1	1	0	0	1	1	1	0	1	0	1	0	0	0	0	1	1	0	1	0	0	0	1	1	1	0	0	1	0	0	0	0	1	1	1	0	1	1	0	1	1	1	0	1	0	0	1	1	1	0	1	1	0	1	1	1	1	0	0	0	0	1	1	1	0	0	0	1	0	1	1	1	1	1	1	0	1	0	1	1	0	0	1	1	0	0	0	1	1	1	1	0	0	1	1	0	1	0	1	1	1	1	0	0	1	1	0	0	1	0	1	1	0	0	1	1	1	1	0	0	0	1	0	1	0	1	1	0	0	0	1	1	1	1	1	0	1	0	1	1	1	0	1	1	1	0	1	1	0	1	0	0	1	0	0	1	1	1	0	0	0	1	1	1	0	1	1	1	1	0	1	1	0	1	0	0	0	1	1	1	1	1	0	0	1	1	1	0	0	1	1	1	0	0	1	0	0	1	1	0	1	1	0	1	1	1	0	1	1	1	1	0	0	0	0	0	0	0	0	1	0	1	1	1	1	1	0	0	1	0	1	0	1	1	1	0	0	0	1	1	1	1	1	1	1	1	0	1	1	1	1	1	1	1	1	1	0	1	1	1	1	0	0	0	0	1	0	1	1	0	1	1	1	1	0	1	0	0	0	0	1	1	1	0	0	1	1	1	1	1	1	0	1	1	1	1	1	1	0	0	0	1	0	0	0	0	0	1	1	0	0	1	1	0	0	1	1	0	1	0	0	0	0	1	1	0	0	0	1	1	1	0	0	1	0	0	1	0	1	0	1	1	1	1	0	0	1	1	1	1	0	1	0	1	0	1	1	0	1	1	1	1	0	1	1	0	1	1	0	1	0	1	1	1	1	1	1	1	0	1	0	1	0	1	1	1	0	0	1	1	0	1	1	1	0	0	1	1	1	1	0	1	1	1	0	0	1	1	0	1	1	1	1	1	0	1	1	0	1	1	1	0	1	1	0	1	1	1	1	1	1	0	1	0	0	0	1	1	1	0	1	0	0	1	1	1	1	0	0	0	1	1	1	0	1	1	1	1	1	1	1	1	1	1	1	1	0	1	1	0	1	0	0	1	0	1	1	0	1	0	1	0	1	0	0	1	1	1	1	1	0	0	0	1	0	1	1	0	0	0	0	0	0	0	1	0	0	0	0	1	1	1	0	1	1	0	1	1	0	1	1	0	1	0	1	1	0	1	1	1	0	1	1	0	0	1	1	1	0	0	0	0	1	0	1	1	0	0	0	0	1	1	1	0	1	1	1	1	1	0	1	0	0	1	1	1	1	0	0	1	1	1	0	0	0	1	0	1	1	0	1	1	1	1	0	1	0	1	0	1	1	0	1	0	1	1	1	0	1	1	0	1	1	1	1	0	0	0	1	1	1	1	1	1	1	1	1	0	1	1	1	1	1	1	1	0	1	1	1	0	1	0	0	1	1	0	1	0	1	0	1	1	0	1	1	1	1	1	1	0	1	0	1	0	0	0	1	1	1	1	1	0	1	1	1	1	1	1	1	1	1	0	1	1	1	0	1	0	0	1	0	0	1	1	1	1	1	1	0	0	1	0	1	1	1	0	0	0	0	0	1	1	0	1	1	0	1	1	1	1	1	1	1	0	1	1	1	1	1	0	0	0	1	1	1	0	1	1	1	1	0	0	1	1	0	0	0	1	1	1	1	0	1	1	1	1	0	1	0	0	1	0	0	0	1	0	1	1	1	1	0	1	0	1	0	0	1	1	1	0	1	0	1	1	1	1	0	1	0	1	0	0	1	0	1	0	1	1	1	0	1	0	1	1	1	0	1	0	1	0	1	0	1	0	0	1	0	0	0	0	0	0	0	1	1	0	0	0	1	0	1	0	0	1	1	0	0	1	0	1	0	1	0	1	0	1	1	1	1	1	1	1	1	0	1	1	1	1	1	1	1	1	0	0	1	1	0	0	1	1	1	1	0	0	1	1	1	0	1	1	0	0	1	0	1	1	0	1	1	1	1	1	1	1	1	0	1	1	0	1	0	1	1	0	0	0	1	0	0	1	1	0	1	0	1	0	1	1	1	1	1	1	1	1	1	1	1	0	1	0	1	1	0	1	0	1	0	1	1	1	1	0	1	0	1	1	0	0	1	1	1	1	0	1	1	1	0	0	1	0	0	1	1	0	1	1	1	1	0	1	1	1	0	1	0	1	1	1	1	0	0	0	1	0	1	0	0	1	1	1	1	0	0	1	0	1	1	1	1	1	0	0	0	0	0	1	1	1	0	1	0	0	0	1	1	1	0	1	1	0	1	1	1	1	1	1	0	1	0	0	0	1	1	0	0	0	1	1	1	0	0	0	1	0	1	0	1	1	1	1	1	0	0	1	1	1	0	1	0	0	1	0	0	0	1	1	1	1	1	1	1	1	1	1	0	0	1	0	1	1	0	0	1	1	1	0	0	0	0	1	0	1	1	0	1	0	0	1	0	0	1	1	0	1	0	1	1	1	1	1	0	1	1	0	0	0	1	1	1	0	0	1	0	0	1	1	1	1	0	0	1	1	1	1	0	1	1	1	1	1	1	1	0	0	1	0	1	1	1	1	0	1	1	0	1	1	0	0	1	1	1	1	1	0	0	1	1	0	0	1	1	0	0	0	0	0	1	1	1	1	0	0	1	1	1	1	0	0	0	1	0	1	1	1	0	1	1	1	1	0	1	0	1	1	1	0	1	0	1	0	1	0	0	1	0	1	1	1	1	0	1	0	1	0	0	0	0	1	1	0	1	1	0	1	1	1	1	0	0	0	1	1	1	1	0	1	1	1	1	1	1	1	1	0	1	1	1	1	0	1	1	1	1	0	0	1	0	1	1	0	1	1	1	0	1	1	0	1	1	1	1	0	1	1	0	0	1	0	0	1	1	0	1	1	1	1	0	1	1	1	0	1	1	1	1	0	1	0	0	1	0	0	1	0	1	0	1	1	1	1	1	1	1	1	1	1	0	0	1	1	0	1	0	1	1	0	1	1	1	1	1	0	1	1	1	1	0	1	1	0	1	1	1	1	0	1	0	0	0	1	1	0	1	0	0	1	0	0	0	0	1	0	1	1	1	0	1	1	1	1	1	0	1	0	1	1	0	1	1	1	1	0	0	1	1	0	1	1	1	1	1	1	1	0	1	1	0	0	0	1	0	1	0	1	1	0	1	1	0	1	0	1	1	1	1	0	0	0	1	0	1	1	0	1	1	1	1	1	0	0	1	1	0	0	1	1	1	1	1	0	1	1	0	1	1	1	0	1	0	1	0	1	1	1	0	1	1	1	0	1	1	0	0	1	1	0	1	1	1	0	0	0	1	1	1	1	1	1	1	0	1	0	0	1	0	1	0	0	0	1	0	1	1	1	0	0	0	1	0	1	0	1	1	0	0	1	1	1	0	0	0	1	0	1	1	0	0	1	1	1	1	1	1	0	1	1	0	0	1	1	0	1	1	0	1	1	1	1	1	1	0	1	1	1	0	0	1	0	0	1	1	1	1	0	0	0	1	1	1	0	1	1	0	1	1	1	0	0	0	1	1	0	1	1	0	1	0	0	1	1	0	1	1	0	1	1	1	0	1	1	1	1	1	1	1	1	1	1	1	0	1	0	1	0	1	0	1	1	1	0	1	1	1	1	1	0	1	1	0	1	0	1	0	1	1	0	0	1	0	0	1	0	1	1	1	1	1	1	1	0	1	1	0	1	1	0	0	0	0	1	1	1	0	0	1	1	1	1	0	0	0	1	1	1	1	0	1	0	1	0	0	1	1	1	1	0	1	1	1	1	0	1	1	1	1	1	1	1	1	1	1	0	0	1	0	1	1	1	1	1	1	0	1	1	1	1	1	1	1	0	0	0	1	1	0	1	0	1	0	1	0	1	0	1	1	1	1	0	0	1	1	0	1	1	0	0	1	0	0	1	0	1	1	0	1	1	1	1	1	1	0	1	0	1	1	1	1	0	1	1	1	0	1	0	1	1	1	1	0	1	1	1	1	1	0	0	1	0	0	0	1	0	1	1	1	1	1	1	0	1	1	1	0	1	1	1	0	1	1	1	1	1	0	1	1	0	1	0	1	1	1	1	1	0	0	1	1	0	0	0	1	1	1	1	1	0	1	1	1	0	1	0	1	0	1	1	0	1	1	1	1	0	0	1	1	0	0	0	1	1	0	1	0	0	0	0	1	1	0	1	1	1	1	1	1	1	1	1	1	1	0	1	0	1	0	0	0	0	1	1	1	1	0	1	1	0	1	0	0	1	1	1	1	0	1	1	1	0	1	0	1	0	1	1	1	1	1	1	1	0	0	1	1	1	0	1	1	1	1	1	0	1	1	1	0	1	1	0	1	1	1	1	1	1	0	1	1	1	1	1	0	1	1	0	1	1	1	1	1	1	0	1	1	0	1	0	1	0	0	0	1	0	1	1	1	1	1	1	0	0	1	1	1	1	0	1	1	1	1	1	1	1	1	0	1	0	1	1	0	1	1	1	1	0	0	1	1	1	0	1	1	1	0	0	0	1	0	0	1	0	0	1	1	0	1	0	1	1	1	0	0	1	0	1	1	1	1	1	1	1	0	1	1	1	1	0	1	1	1	1	1	0	1	0	0	1	1	0	1	1	0	1	1	0	1	0	0	1	1	1	1	1	1	1	1	0	1	0	0	1	0	1	0	1	1	1	0	0	0	1	1	0	1	1	1	1	0	0	0	1	0	1	1	1	1	1	0	0	1	1	1	1	1	1	1	0	0	0	1	1	0	1	0	0	1	1	0	0	1	1	1	0	1	0	0	1	0	1	1	0	1	0	1	1	0	1	0	1	1	1	1	0	0	1	1	0	1	1	1	1	1	1	1	0	0	1	1	0	0	1	1	0	1	0	0	1	0	1	1	1	0	1	1	1	0	0	0	0	0	0	0	1	0	0	0	1	0	0	0	1	0	1	0	1	1	1	1	1	0	0	0	1	0	1	1	1	0	1	0	1	1	1	0	0	1	1	0	0	1	0	0	1	1	1	0	1	1	0	1	1	1	0	0	1	1	1	1	1	1	0	1	1	1	0	1	0	0	1	1	0	1	1	1	1	1	1	1	0	1	1	1	0	1	1	1	1	0	1	0	0	1	0	0	0	0	1	1	0	1	0	0	1	1	1	1	0	1	1	1	0	1	1	1	1	1	1	0	1	0	1	1	1	0	1	1	0	0	1	1	1	1	1	0	0	0	0	1	1	0	0	1	1	1	1	0	1	1	0	1	1	1	1	0	0	1	1	1	1	1	1	0	1	1	1	1	0	1	0	0	0	0	0	1	1	0	1	1	1	1	0	1	0	1	0	0	0	1	1	0	1	1	1	1	1	1	1	1	1	1	1	1	1	1	1	1	1	1	0	1	1	0	0	1	1	1	0	1	0	1	0	1	0	1	0	1	0	0	1	0	1	1	0	1	1	1	1	1	1	1	0	0	1	0	1	1	1	1	0	1	1	1	1	0	0	0	1	1	1	0	1	0	1	1	1	1	1	1	1	1	0	0	1	1	0	1	1	1	0	1	1	1	1	1	0	0	1	1	1	1	1	1	1	0	0	0	0	0	1	1	1	1	0	1	0	1	1	1	1	1	1	0	1	1	1	1	0	1	1	1	1	1	0	1	1	0	1	1	0	1	1	0	1	0	1	1	0	1	1	1	1	0	1	1	1	0	1	1	1	0	1	1	1	1	1	1	1	1	1	1	0	0	1	1	0	1	0	0	1	0	1	0	1	1	1	0	0	1	0	1	1	0	1	0	0	1	1	1	1	0	0	1	0	1	0	1	0	1	0	0	1	0	0	1	0	1	0	1	1	1	0	0	1	0	1	0	0	1	1	0	0	1	1	1	1	1	0	1	1	1	0	1	1	1	1	0	1	1	1	0	1	1	0	1	1	1	0	1	1	0	1	1	1	1	1	0	1	0	0	0	1	1	0	1	1	0	1	0	1	1	0	1	1	1	0	0	1	1	1	1	1	1	0	1	1	1	0	1	0	1	1	1	0	0	1	0	1	1	1	0	1	1	1	1	1	0	1	1	1	1	0	1	0	1	1	1	0	1	1	0	0	1	0	0	1	1	1	1	1	0	0	0	1	1	1	1	0	0	1	1	0	0	1	0	0	1	1	0	0	1	1	1	1	0	1	0	1	1	1	1	1	1	0	1	1	0	1	1	0	1	0	1	0	0	1	1	0	0	1	0	1	1	1	0	1	1	0	0	1	0	1	1	1	1	1	1	1	1	1	1	1	1	1	1	0	1	0	1	0	1	0	1	1	0	1	0	1	0	1	0	0	0	1	0	1	0	1	0	0	0	1	0	0	1	0	0	1	1	1	1	0	1	1	1	1	1	1	1	1	0	1	1	1	0	1	1	1	1	0	1	1	0	1	0	1	0	1	1	1	0	1	1	1	0	1	0	1	1	0	1	0	0	1	0	1	1	0	1	1	1	1	1	1	1	0	0	1	1	1	1	0	0	0	0	0	0	1	1	1	1	1	1	1	1	0	0	1	1	1	1	1	1	1	1	1	1	1	1	1	1	0	1	0	1	0	0	0	0	1	0	0	1	0	0	0	1	1	1	1	1	0	1	1	1	0	0	1	0	1	1	1	1	0	1	1	0	1	1	1	1	1	0	1	1	0	0	0	1	0	1	0	0	1	1	0	0	1	1	0	1	1	0	0	1	1	1	1	1	1	0	0	1	1	1	1	1	0	1	1	1	1	0	0	1	0	1	0	1	1	1	1	1	1	1	0	0	0	1	0	0	1	1	1	0	0	1	1	1	1	1	0	1	0	0	0	0	1	0	0	1	1	1	0	0	1	1	0	1	1	0	1	1	1	0	1	1	1	1	0	1	1	1	1	0	1	0	1	0	0	1	1	1	1	1	1	1	1	1	1	1	1	1	1	0	0	0	0	0	0	0	0	1	0	0	1	0	1	1	0	1	0	0	0	0	0	1	0	1	0	0	1	0	1	1	0	0	1	1	0	1	1	1	0	0	1	0	1	0	0	1	1	0	1	0	1	0	0	1	0	0	1	1	1	0	1	1	1	1	0	1	0	1	1	1	1	1	0	1	1	0	1	1	1	1	1	1	1	1	1	1	1	1	1	1	1	0	1	0	1	0	1	1	0	0	1	1	1	0	1	1	1	1	0	1	1	1	1	0	0	1	1	0	1	1	0	1	1	1	0	0	1	0	0	1	1	1	0	1	1	1	0	1	1	1	1	0	0	1	1	1	1	1	1	0	0	0	1	1	0	1	0	1	1	0	1	1	1	1	1	0	1	1	1	0	0	1	0	1	1	1	1	1	1	0	0	1	0	1	1	1	0	1	1	0	1	1	1	0	0	0	1	0	1	0	0	0	1	1	0	1	0	1	1	1	1	1	1	1	1	1	0	1	0	1	1	