Performance Statistics:------------------------------------------------------------------------
Training Accuracy	Testing Accuracy	Training Coverage	Testing Coverage
0.5268167123638902	NA	0.9993589743589744	NA

Population Characterization:------------------------------------------------------------------------
MacroPopSize	MicroPopSize	Generality
4925	5000	0.5943999999999992

SpecificitySum:------------------------------------------------------------------------
A_0	A_1	A_2	A_3	A_4	A_5	A_6	A_7	A_8	A_9	A_10	A_11	A_12	A_13	A_14	A_15	A_16	A_17	A_18	A_19	A_20	A_21	A_22	A_23	A_24	A_25	A_26	A_27	A_28	A_29	A_30	A_31	A_32	A_33	A_34	A_35	A_36	A_37	A_38	A_39	A_40	A_41	A_42	A_43	A_44	A_45	A_46	A_47	A_48	A_49	A_50	A_51	A_52	A_53	A_54	A_55	A_56	A_57	A_58	A_59	A_60	A_61	A_62	A_63	A_64	A_65	A_66	A_67	A_68	A_69	A_70	A_71	A_72	A_73	A_74	A_75	A_76	A_77	A_78	A_79
2792	2087	2336	1887	2174	1757	1794	1726	1851	2088	1776	1903	1988	2156	2190	2262	2241	2301	1696	2341	2354	1980	1998	1863	1889	1685	2149	1844	2033	2006	1935	1961	1998	2119	2192	1971	1839	2252	2112	2136	1932	2039	1997	1710	2220	1970	2077	1809	1887	1942	2059	2071	2020	2397	2022	2107	2110	2245	1767	1571	2142	2184	2099	1763	1778	1734	2206	2270	1857	2039	2271	2106	1898	1767	1962	2024	2249	1938	2226	2113

AccuracySum:------------------------------------------------------------------------
A_0	A_1	A_2	A_3	A_4	A_5	A_6	A_7	A_8	A_9	A_10	A_11	A_12	A_13	A_14	A_15	A_16	A_17	A_18	A_19	A_20	A_21	A_22	A_23	A_24	A_25	A_26	A_27	A_28	A_29	A_30	A_31	A_32	A_33	A_34	A_35	A_36	A_37	A_38	A_39	A_40	A_41	A_42	A_43	A_44	A_45	A_46	A_47	A_48	A_49	A_50	A_51	A_52	A_53	A_54	A_55	A_56	A_57	A_58	A_59	A_60	A_61	A_62	A_63	A_64	A_65	A_66	A_67	A_68	A_69	A_70	A_71	A_72	A_73	A_74	A_75	A_76	A_77	A_78	A_79
1612.0819793819428	1170.4749157636227	1245.065520163335	1120.4705668972272	1264.8737424662208	947.8564301040861	1007.348160095893	980.8788480607417	1037.4805872510562	1180.7741977448586	995.9390820864559	1082.23906247456	1124.8723118566813	1209.7150301265683	1271.4093610632888	1278.7508155700802	1273.8232001608496	1311.5304370201547	941.9344488323404	1367.3856985626012	1366.4585822410077	1108.915466130346	1141.1103668774474	1033.917971145378	1091.2616044036613	959.5873399936366	1210.697754054538	1045.3113168355771	1144.5633648755272	1086.6835574169427	1104.4282556972341	1137.0810257322314	1080.642462517879	1197.6737876267218	1246.988913183948	1092.783075657346	1050.1691938009176	1284.6892951748746	1210.0537281260047	1212.3701853400705	1082.5046200647198	1150.5241882483167	1131.6057605717206	954.9848048729657	1257.3737642405545	1126.617307722314	1193.1499580568488	1009.8784484259728	1077.1456706941804	1061.6570997101178	1159.7468953885243	1132.7309883719608	1102.8810810133741	1372.443405432859	1152.9779094794894	1191.7597835631066	1249.4042375769795	1252.8775729515023	987.1740883005481	887.4676354277407	1249.1528567578223	1240.5944110136675	1209.2768214701173	978.1531525040259	998.8233013616432	979.9395436402369	1239.177390866778	1252.6047706699435	1088.6941491354194	1093.4381727096861	1285.2784804074224	1188.6560449392425	1050.7674358762372	1032.4862153437339	1085.8475622276146	1119.83785777585	1266.5563155876828	1045.5231376326662	1295.2226033347104	1200.8868710486815

Run Time(in minutes):------------------------------------------------------------------------
Global Time	3.0693041960398357
Matching Time	1.148335063457489
Deletion Time	0.27518810828526813
Subsumption Time	0.13182713985443115
Selection Time	0.003700546423594157
Evaluation Time	1.4281360546747843

CorrectTrackerSave:------------------------------------------------------------------------
0	0	1	0	1	1	0	0	0	1	0	1	0	0	0	1	1	1	0	1	0	0	1	1	0	1	1	0	1	0	0	0	1	1	1	1	1	1	1	1	1	1	0	0	1	0	0	0	0	1	1	1	0	1	1	1	1	0	1	0	1	1	0	0	1	0	1	0	1	0	0	1	1	0	1	1	1	0	0	1	1	1	1	0	0	0	1	1	1	0	0	0	1	1	1	0	1	1	0	0	0	0	0	1	1	0	1	1	0	1	1	0	1	1	1	1	1	0	0	1	1	1	0	1	1	1	0	1	1	0	1	0	1	0	1	1	1	0	0	1	1	0	1	1	0	1	1	0	0	1	1	1	0	1	0	1	0	0	1	0	0	1	1	1	1	0	1	0	0	1	0	1	1	1	1	1	0	0	0	1	0	1	0	1	1	1	1	1	1	1	0	0	1	1	1	1	1	1	0	1	0	0	0	1	1	0	0	1	0	1	0	0	0	0	1	1	0	0	0	0	1	1	1	1	1	1	1	1	1	1	0	0	1	1	0	1	1	1	1	1	1	1	1	1	0	0	1	0	1	0	1	1	1	1	1	1	1	1	1	0	0	1	1	1	1	1	0	0	0	1	0	0	0	1	1	1	1	1	1	1	1	0	0	1	1	1	1	1	1	1	0	0	1	1	1	1	0	0	0	0	1	1	1	1	1	1	1	0	0	1	1	1	0	1	1	1	1	0	1	1	0	1	1	1	1	0	1	1	0	0	0	1	1	1	1	1	0	1	0	0	1	0	1	0	1	0	0	0	1	1	1	1	0	0	1	1	1	0	1	0	0	0	1	0	0	1	1	1	1	1	0	0	1	0	0	1	0	0	1	0	0	0	0	1	0	0	0	1	1	1	1	1	0	0	0	0	0	1	0	1	0	0	0	1	1	0	1	1	1	1	1	0	0	0	0	0	0	0	0	0	0	1	0	0	1	0	0	1	0	0	0	0	0	0	1	1	1	0	0	0	0	1	1	0	1	0	1	0	0	1	0	1	1	0	0	0	0	0	0	1	0	0	0	0	0	0	1	1	0	1	1	0	0	1	1	0	1	0	0	1	0	1	1	1	0	0	1	0	0	0	1	0	1	0	0	1	0	0	0	0	0	0	0	1	0	0	1	0	0	0	0	0	0	0	1	0	1	0	1	0	1	0	1	0	1	1	0	0	0	0	0	1	0	1	0	1	0	1	0	0	0	1	1	0	0	0	0	1	0	1	0	0	1	0	0	0	0	1	0	1	0	1	0	0	1	1	0	1	0	1	1	0	1	0	0	1	0	1	1	0	0	1	0	0	1	0	1	1	1	1	1	0	1	0	0	0	1	0	1	1	0	0	1	0	1	0	1	1	0	0	0	1	1	0	1	1	0	0	1	0	0	0	0	0	1	1	0	1	0	0	0	1	1	0	0	0	0	0	1	1	0	1	1	0	0	0	1	1	0	1	0	1	0	1	0	1	0	0	0	1	1	0	0	0	0	0	0	1	1	1	1	0	1	1	1	1	1	0	1	1	0	0	0	1	0	1	0	0	1	0	1	1	0	1	0	0	1	1	0	1	1	1	0	0	0	1	1	0	0	0	1	0	0	1	1	1	0	1	1	0	1	0	0	0	0	1	1	0	1	1	0	0	0	0	1	1	1	1	0	0	0	1	1	1	0	1	1	0	0	1	1	0	1	0	0	1	0	0	1	1	0	0	0	0	0	1	0	1	0	1	0	0	0	0	1	1	0	0	0	0	0	1	0	1	1	0	1	1	1	1	0	0	0	0	0	0	0	0	1	0	1	0	0	0	1	0	0	0	1	1	1	1	0	0	1	0	1	0	1	1	0	0	0	0	0	0	0	1	1	0	0	1	1	0	1	0	0	0	1	0	0	0	0	0	0	0	1	0	1	0	0	0	0	0	0	0	1	0	1	1	0	1	1	1	1	0	0	1	1	1	1	1	0	0	0	1	1	0	0	1	0	1	1	1	0	1	1	1	1	1	0	0	1	1	0	1	1	1	0	0	0	0	1	0	1	0	1	0	1	0	0	0	0	0	0	1	0	0	0	0	1	0	0	1	1	0	0	0	1	0	0	0	0	0	0	1	1	1	0	1	1	1	0	0	1	1	1	0	0	1	1	1	1	1	0	1	0	1	0	0	0	0	0	0	1	1	0	0	1	1	1	1	1	1	1	0	0	1	0	1	0	0	0	1	0	1	0	0	0	1	0	0	0	1	0	1	1	0	0	1	0	0	0	0	0	0	1	0	0	0	0	1	0	0	0	1	0	1	1	1	0	1	0	1	1	0	0	0	0	0	0	1	1	1	1	1	0	1	1	1	0	0	0	0	0	1	0	0	0	1	1	0	1	0	0	1	1	1	1	0	0	0	0	0	1	0	0	0	0	1	1	1	0	0	0	0	0	1	0	0	0	1	1	0	0	0	1	0	1	0	1	1	1	0	0	0	1	1	0	0	0	1	1	0	0	0	0	0	0	1	0	0	0	1	0	1	0	0	0	1	0	0	1	0	0	1	1	1	1	0	1	0	1	1	0	1	0	1	0	0	0	1	0	1	1	1	0	1	1	1	0	0	1	0	0	1	0	0	1	0	1	1	0	0	0	1	1	1	0	1	1	1	0	1	0	1	0	0	1	0	1	0	1	0	0	0	1	1	0	1	1	1	0	1	1	1	0	0	0	0	0	1	0	1	1	0	1	1	1	0	0	0	1	0	0	1	0	0	0	0	1	0	1	1	1	0	0	0	1	0	1	0	0	0	0	1	0	0	0	1	0	0	1	1	0	1	0	1	0	0	0	0	1	0	1	0	0	0	1	1	1	1	1	0	0	0	1	1	0	0	0	1	0	0	0	0	0	1	1	0	0	1	1	1	0	0	0	0	1	0	1	1	1	0	0	0	1	0	1	1	1	0	1	1	1	1	0	0	0	1	0	0	1	1	1	1	0	0	0	0	0	0	0	0	0	0	0	0	1	1	1	1	1	0	1	1	0	1	0	0	0	0	0	0	1	0	0	1	1	1	1	1	0	1	0	1	1	1	1	0	1	0	1	0	0	0	0	1	0	0	0	1	1	1	1	0	1	0	1	0	1	0	1	1	1	1	1	1	0	0	1	1	0	1	1	0	0	0	0	0	0	1	1	0	1	0	0	1	1	1	1	0	0	0	0	0	0	0	0	1	0	0	0	0	1	1	1	0	0	1	0	1	0	1	0	0	1	1	0	0	1	0	0	0	0	0	1	0	1	1	0	0	0	1	0	0	0	1	0	0	0	0	0	0	1	0	0	0	1	0	0	0	0	1	1	0	0	0	0	0	1	1	1	0	1	1	1	1	0	0	0	0	0	0	1	0	1	1	0	0	1	0	1	1	0	0	0	1	0	0	0	1	1	1	0	0	1	1	0	1	1	0	1	0	1	1	1	0	1	1	1	1	1	1	0	1	0	0	1	0	0	1	1	1	0	0	0	1	0	0	0	0	1	1	0	0	1	1	0	1	0	0	1	1	0	1	1	0	0	0	0	0	1	0	0	0	1	1	1	0	1	0	0	1	0	0	1	0	0	1	1	1	0	1	1	0	0	0	0	0	0	0	0	0	0	1	0	1	1	1	1	1	0	0	0	0	1	0	1	1	1	0	0	0	1	1	0	1	0	1	0	1	0	0	0	1	0	1	1	1	1	1	0	0	0	1	1	0	0	0	0	1	0	0	1	0	1	1	1	0	0	1	0	0	1	1	1	1	1	0	0	1	0	1	1	0	1	0	0	1	0	0	1	0	0	0	0	1	1	1	0	0	0	0	1	0	0	1	1	1	0	1	1	0	0	0	0	0	0	1	0	0	0	0	0	0	0	0	0	1	0	0	1	0	1	0	1	1	1	1	0	0	1	1	0	0	0	0	0	1	0	1	1	0	1	1	1	0	0	0	1	0	0	0	0	0	0	1	1	0	1	1	1	0	0	1	0	1	0	0	1	1	1	0	1	0	1	0	0	0	0	1	0	1	1	1	0	0	1	1	0	0	0	1	1	1	1	1	0	1	0	1	1	0	1	1	1	0	1	1	0	1	0	0	1	0	0	0	1	0	0	0	1	1	1	0	1	0	0	1	1	1	1	0	0	0	0	1	1	0	1	0	1	1	1	1	1	0	0	1	1	1	1	1	1	0	1	1	0	1	0	0	1	0	1	0	1	0	1	1	1	1	0	1	0	1	1	0	0	1	0	1	1	0	0	0	0	0	0	0	1	0	0	0	0	1	1	1	1	1	1	0	1	1	0	0	1	0	0	0	1	1	0	1	0	1	0	1	1	0	0	0	1	0	0	0	1	0	1	0	0	1	0	0	0	1	1	1	0	0	1	1	0	0	0	0	1	0	0	1	1	0	1	0	0	0	1	1	0	0	0	1	0	1	1	1	1	0	0	1	0	1	0	0	0	0	0	0	1	0	1	1	1	0	1	1	0	1	1	1	0	0	1	0	0	1	1	1	1	1	0	1	1	0	1	1	1	1	0	0	0	0	1	1	1	1	1	0	0	1	1	1	0	0	1	0	1	1	0	1	1	0	1	0	0	0	1	1	1	0	1	0	1	1	1	1	1	0	0	0	1	0	0	1	0	0	0	0	0	1	1	0	1	0	0	0	0	1	1	1	1	1	1	1	1	0	1	0	0	1	1	0	0	1	0	0	1	1	0	0	0	0	0	1	1	0	1	1	1	0	1	0	1	1	1	0	0	0	1	1	1	0	0	1	1	1	0	0	0	0	0	0	0	1	1	0	1	0	1	0	1	1	0	1	0	0	1	0	0	0	1	1	1	1	1	1	0	1	0	1	0	0	1	1	1	0	1	0	1	1	1	0	0	1	1	1	0	1	0	0	1	0	1	0	0	0	1	0	1	0	0	0	1	0	0	0	1	0	1	0	0	1	0	0	0	0	0	0	0	0	1	0	0	0	1	0	1	1	0	1	0	1	1	1	0	0	0	1	0	0	0	0	1	0	0	0	1	1	0	0	1	1	0	0	0	0	0	1	0	0	0	1	0	0	0	1	1	0	0	0	0	1	1	1	1	1	0	0	1	0	1	1	0	0	1	0	1	1	1	0	1	0	1	1	0	1	0	1	0	0	0	0	1	0	0	1	1	0	1	0	1	0	1	0	1	1	1	1	0	1	1	1	1	1	1	0	1	0	0	1	1	1	1	1	1	1	0	0	0	0	0	1	0	1	1	1	1	1	1	1	0	1	1	0	0	0	0	1	0	0	1	1	1	0	0	0	1	1	0	1	0	1	1	1	0	0	0	0	1	0	0	0	0	1	1	1	1	0	0	1	0	1	1	1	1	0	0	0	1	0	0	1	0	0	0	0	0	0	0	1	1	1	0	1	0	0	1	1	1	1	0	1	0	1	0	0	0	1	1	0	0	0	1	1	1	0	0	1	1	0	1	0	1	1	0	1	0	0	0	1	1	0	0	0	0	0	1	0	0	0	1	1	0	1	1	1	0	1	1	1	0	0	1	0	1	1	1	0	1	1	1	0	0	0	0	0	0	1	1	1	1	1	0	1	0	0	1	1	0	1	0	1	1	1	1	1	0	0	0	0	0	0	1	1	1	0	0	1	0	0	1	1	1	1	0	0	1	1	1	1	0	0	1	1	0	1	0	1	0	0	1	0	1	1	0	1	0	1	1	0	0	1	0	0	1	1	1	1	1	0	0	1	0	0	0	1	1	0	0	0	0	0	1	1	1	0	0	0	0	1	1	1	0	0	0	1	0	1	1	1	0	1	1	1	1	0	0	0	0	0	1	0	0	0	1	0	1	0	0	1	0	0	1	1	1	0	1	0	1	0	0	0	0	1	0	0	1	1	0	1	0	1	1	0	1	0	1	1	0	1	0	1	1	1	0	0	1	1	1	0	1	0	1	1	0	0	0	1	0	0	0	0	0	1	1	0	0	1	1	0	1	0	0	1	0	0	1	0	0	1	0	0	1	0	0	1	1	1	1	1	0	1	1	1	0	0	0	1	1	0	1	0	1	0	1	1	0	0	1	1	0	1	1	1	1	1	0	1	0	1	1	1	0	1	1	0	0	1	1	1	1	0	1	1	1	0	1	0	1	0	1	1	0	1	1	1	1	1	0	1	0	0	0	1	0	1	1	0	1	0	0	1	0	0	0	0	1	1	1	1	0	0	0	1	1	1	1	1	1	0	1	1	0	0	1	0	1	0	0	1	1	0	1	0	0	1	0	1	1	0	1	1	0	0	0	1	0	1	0	1	1	1	1	1	0	1	0	1	0	1	1	0	1	1	0	0	1	1	0	1	0	1	1	1	0	0	1	0	0	0	1	1	1	1	0	1	0	1	0	0	0	1	0	0	0	1	0	1	1	0	0	1	0	1	0	0	1	0	0	1	1	0	0	0	1	0	0	1	1	1	1	1	1	1	1	0	1	0	1	1	0	1	0	0	0	1	0	1	1	1	0	0	0	1	0	1	0	1	1	0	0	1	1	1	0	0	1	1	0	0	1	0	1	1	1	1	0	1	1	0	0	0	1	0	0	1	0	1	1	0	1	0	1	1	1	0	0	1	1	0	0	0	1	0	0	1	0	1	1	0	0	0	1	1	0	0	1	0	0	1	1	1	0	0	0	1	1	0.0	1	1	0	1	0	0	0	1	0	1	1	0	1	1	0	0	1	0	0	1	1	0	1	0	1	1	1	0	1	1	1	1	1	0	1	1	1	0	1	1	1	1	1	0	1	1	1	1	0	1	0	0	1	0	0	1	1	0	1	0	1	1	1	1	1	0	1	0	0	1	0	1	1	0	0	0	0	1	0	1	0	0	1	1	0	1	0	0	0	0	0	1	1	0	1	0	0	0	0	1	0	1	0	0	0	1	0	1	0	0	0	1	0	1	1	1	1	1	1	0	0	0	0	0	1	1	1	1	0	0	1	1	1	1	0	0	1	0	0	0	1	1	0	0	0	1	1	1	0	1	0	1	0	1	1	0	0	0	1	0	1	1	0	0	0	0	0	1	0	1	1	0	1	1	1	1	1	1	0	1	0	1	1	1	1	0	0	1	1	1	0	0	1	1	1	0	1	1	0	1	1	1	0	0	1	0	0	1	0	0	1	1	1	0	1	1	0	0	1	1	0	1	1	0	1	1	1	0	1	1	0	1	0	0	1	0	1	1	1	1	0	0	0	0	1	0	0	0	1	1	0	1	1	0	1	1	1	0	1	0	1	0	1	1	0	1	0	0	1	0	1	1	1	0	1	0	1	1	0	1	0	1	0	1	1	1	0	1	1	1	1	1	1	1	0	0	1	1	1	1	0	1	0	0	0	0	0	0	1	1	0	1	1	0	0	1	0	1	1	1	0	0	1	1	1	0	1	1	1	0	0	1	1	1	1	1	0	0	0	0	1	1	0	0	1	1	0	1	0	0	1	1	0	1	1	0	1	0	0	1	1	1	0	0	1	1	0	1	0	1	1	0	0	1	1	1	1	1	0	1	1	0	1	0	0	0	0	0	1	0	1	1	0	1	1	1	0	0	1	1	1	1	1	1	1	1	1	1	1	1	1	0	1	0	1	0	0	1	0	1	0	0	0	1	1	1	0	1	0	1	0	0	0	1	1	0	0	0	1	1	1	0	1	0	1	1	1	0	0	1	0	1	1	1	1	1	1	1	0	0	1	1	1	0	1	1	1	1	1	0	0	0	0	0	1	1	0	1	0	1	1	0	1	0	0	1	1	1	0	1	1	1	0	0	1	0	0	1	0	1	0	1	1	1	0	0	0	1	1	0	1	0	1	1	0	0	0	1	1	1	1	1	1	1	1	0	1	1	1	1	1	0	1	0	1	0	1	1	0	1	0	1	1	1	0	0	1	1	1	0	0	1	0	0	0	1	1	0	1	0	1	0	0	1	0	1	0	1	1	1	0	1	1	0	1	1	1	1	1	1	1	0	0	1	1	0	0	0	1	0	1	0	0	1	0	1	1	0	0	0	1	1	0	0	0	0	0	0	0	1	0	0	0	1	0	0	0	1	0	0	0	1	1	1	1	1	0	0	0	1	0	1	1	0	0	1	0	1	1	1	0	0	1	1	1	0	1	0	0	1	1	1	0	1	1	0	1	0	1	0	0	1	1	1	1	1	1	0	0	1	0	0	1	0	0	1	1	0	1	1	1	1	1	1	1	0	1	1	1	0	0	1	1	1	1	1	0	0	1	1	0	0	0	0	1	0	1	0	0	1	1	1	1	0	1	1	1	0	1	1	1	1	1	1	1	1	0	1	1	1	0	1	1	0	1	0	1	1	1	0	0	0	0	1	1	1	0	0	1	0	1	1	0	1	1	0	1	1	1	1	0	0	1	1	0	1	1	1	0	1	1	1	0	0	1	0	0	0	1	0	1	1	0	0	1	0	1	0	0	0	1	0	1	0	1	1	0	1	1	0	1	1	0	1	0	1	1	1	1	1	1	0	1	1	0	0	1	0	1	0	1	1	0	0	1	0	1	0	1	0	1	0	1	0	0	0	0	1	1	0	1	1	1	1	1	0	0	0	0	1	1	1	1	1	1	1	1	1	1	1	0	0	0	1	0	0	0	0	0	1	1	1	1	1	1	1	1	0	0	1	0	0	1	1	1	0	0	1	0	1	1	0	1	1	1	1	1	1	1	1	0	0	0	0	0	1	1	1	0	0	1	0	1	1	1	1	1	1	0	0	1	1	0	0	0	1	1	0	1	0	1	1	0	1	1	0	1	1	0	0	0	0	1	0	1	1	0	1	0	1	0	1	0	1	1	1	0	1	1	1	1	0	1	1	0	1	1	0	0	1	1	0	1	1	0	1	1	0	1	1	1	1	0	0	1	0	1	1	0	1	0	0	1	1	1	1	0	0	1	0	1	0	1	0	1	0	1	1	0	0	1	1	1	0	1	1	1	0	0	1	0	1	0	0	0	1	0	0	1	1	1	1	1	0	1	1	1	0	1	1	1	1	0	1	0	1	0	1	1	1	0	1	1	0	1	0	0	1	1	1	1	1	0	1	0	0	1	1	0	0	0	0	0	0	0	1	1	0	1	1	1	0	1	1	1	1	1	1	1	0	1	0	1	0	1	0	1	1	1	0	0	1	0	1	0	1	0	1	1	1	0	1	0	1	1	0	1	0	1	0	1	1	0	0	1	1	0	0	1	0	0	0	1	0	1	0	0	0	0	1	1	1	1	0	0	1	1	0	0	1	0	0	1	1	0	0	1	1	1	1	0	1	0	1	1	1	1	1	1	0	1	1	1	1	1	0	1	0	1	0	0	1	1	0	0	1	0	1	1	0	0	1	1	0	0	1	0	1	1	1	1	1	1	1	1	0	1	1	1	1	1	0	1	0	1	0	1	0	1	1	0	1	0	1	0	1	1	0	0	0	0	0	1	1	1	0	0	1	0	0	1	0	0	1	1	0	1	0	1	0	1	1	1	1	1	1	1	1	1	1	0	1	1	1	0	0	0	1	0	0	0	1	1	1	0	1	0	1	1	1	0	0	0	1	1	0	1	0	0	1	0	0	1	0	1	1	1	1	1	0	1	0	0	1	1	1	1	0	0	0	0	0	0	1	0	1	1	0	1	1	1	0	1	1	1	1	1	1	1	1	0	1	0	0	1	1	1	0	0	0	1	0	0	0	0	0	0	0	1	0	0	0	1	1	1	1	1	0	1	1	1	0	0	1	0	1	1	1	1	0	1	1	0	1	1	1	1	0	0	1	0	0	1	1	1	0	1	1	0	1	1	1	0	1	1	0	0	1	0	0	1	1	1	1	1	0	0	0	1	1	1	0	1	0	1	1	1	1	0	0	1	0	1	0	0	0	1	0	1	1	1	0	0	0	1	0	0	1	1	1	0	0	0	0	0	1	1	0	1	0	0	0	1	1	0	0	1	1	1	0	0	1	1	0	1	1	0	1	0	0	0	1	1	1	1	0	1	1	1	0	0	1	0	1	0	0	1	1	1	1	0	1	1	0	1	1	0	1	1	1	0	0	1	1	0	0	0	0	1	0	0	1	0	1	1	0	1	0	0	1	0	1	1	0	1	0	0	1	0	1	1	0	0	1	1	0	1	0	1	0	0	0	0	0	0	0	1	1	0	0	0	1	0	1	1	0	0	1	1	0	0	1	0	1	1	0	1	0	1	1	0	0	1	0	1	1	0	1	1	1	0	1	0	1	1	1	0	1	1	1	1	1	0	1	0	1	0	1	1	0	0	1	1	1	0	0	1	1	0	0	1	1	1	0	0	0	1	0	0	1	1	0	0	1	1	0	0	1	0	0	1	1	1	0	1	1	1	0	1	1	0	1	0	0	1	1	1	1	0	1	0	0	0	1	1	0	1	0	1	1	0	1	1	1	0	1	0	1	0	1	0	0	1	1	1	1	1	1	1	1	0	0	1	0	1	1	1	0	0	1	0	1	1	1	0	0	0	1	0	1	1	0	1	1	1	0	0	0	1	1	1	0	1	1	1	1	1	0	1	0	0	1	